    0.00000000000000
    0.04983754355882
    0.09983754355882
    0.14983754355883
    0.19983754355883
    0.24983754355883
    0.29983754355882
    0.34983754355882
    0.39983754355882
    0.44983754355882
    0.49983754355882
    0.54983754355882
    0.59983754355882
    0.64983754355882
    0.69983754355882
    0.74983754355882
    0.79983754355882
    0.84983754355882
    0.89983754355882
    0.94983754355882
    0.99983754355882
    1.04983754355882
    1.09983754355882
    1.14983754355882
    1.19983754355882
    1.24983754355882
    1.29983754355882
    1.34983754355882
    1.39983754355882
    1.44983754355882
    1.49983754355882
    1.54983754355882
    1.59983754355882
    1.64983754355882
    1.69983754355882
    1.74983754355882
    1.79983754355882
    1.84983754355882
    1.89983754355882
    1.94983754355882
    1.99983754355882
    2.04983754355882
    2.09983754355882
    2.14983754355882
    2.19983754355882
    2.24983754355882
    2.29983754355882
    2.34983754355882
    2.39983754355882
    2.44983754355882
    2.49983754355882
    2.54983754355882
    2.59983754355882
    2.64983754355882
    2.69983754355882
    2.74983754355882
    2.79983754355882
    2.84983754355882
    2.89983754355882
    2.94983754355882
    2.99983754355882
    3.04983754355882
    3.09983754355882
    3.14983754355882
    3.19983754355882
    3.24983754355882
    3.29983754355882
    3.34983754355882
    3.39983754355882
    3.44983754355882
    3.49983754355882
    3.54983754355882
    3.59983754355882
    3.64983754355882
    3.69983754355882
    3.74983754355882
    3.79983754355882
    3.84983754355882
    3.89983754355882
    3.94983754355882
    3.99983754355882
    4.04983754355895
    4.09983754355895
    4.14983754355895
    4.19983754355895
    4.24983754355895
    4.29983754355895
    4.34983754355895
    4.39983754355895
    4.44983754355895
    4.49983754355895
    4.54983754355895
    4.59983754355895
    4.64983754355895
    4.69983754355895
    4.74983754355895
    4.79983754355895
    4.84983754355895
    4.89983754355895
    4.94983754355895
    4.99983754355895
    5.04983754355895
    5.09983754355895
    5.14983754355895
    5.19983754355895
    5.24983754355895
    5.29983754355895
    5.34983754355895
    5.39983754355895
    5.44983754355895
    5.49983754355895
    5.54983754355895
    5.59983754355895
    5.64983754355895
    5.69983754355895
    5.74983754355895
    5.79983754355895
    5.84983754355895
    5.89983754355895
    5.94983754355895
    5.99983754355895
    6.04983754355895
    6.09983754355895
    6.14983754355895
    6.19983754355895
    6.24983754355895
    6.29983754355895
    6.34983754355895
    6.39983754355895
    6.44983754355895
    6.49983754355895
    6.54983754355895
    6.59983754355895
    6.64983754355895
    6.69983754355895
    6.74983754355895
    6.79983754355895
    6.84983754355895
    6.89983754355895
    6.94983754355895
    6.99983754355895
    7.04983754355895
    7.09983754355895
    7.14983754355895
    7.19983754355895
    7.24983754355895
    7.29983754355895
    7.34983754355895
    7.39983754355895
    7.44983754355895
    7.49983754355895
    7.54983754355895
    7.59983754355895
    7.64983754355895
    7.69983754355895
    7.74983754355895
    7.79983754355895
    7.84983754355895
    7.89983754355895
    7.94983754355895
    7.99983754355895
    8.04983754355869
    8.09983754355869
    8.14983754355869
    8.19983754355869
    8.24983754355869
    8.29983754355869
    8.34983754355869
    8.39983754355869
    8.44983754355869
    8.49983754355869
    8.54983754355869
    8.59983754355869
    8.64983754355869
    8.69983754355869
    8.74983754355869
    8.79983754355869
    8.84983754355869
    8.89983754355869
    8.94983754355869
    8.99983754355869
    9.04983754355869
    9.09983754355869
    9.14983754355869
    9.19983754355869
    9.24983754355869
    9.29983754355869
    9.34983754355869
    9.39983754355869
    9.44983754355869
    9.49983754355869
    9.54983754355869
    9.59983754355869
    9.64983754355869
    9.69983754355869
    9.74983754355869
    9.79983754355869
    9.84983754355869
    9.89983754355869
    9.94983754355869
    9.99983754355869
