    0.00000000000000
    0.00121020677146
    0.00246020677146
    0.00371020677146
    0.00496020677146
    0.00621020677146
    0.00746020677146
    0.00871020677146
    0.00996020677146
    0.01121020677146
    0.01246020677146
    0.01371020677146
    0.01496020677146
    0.01621020677146
    0.01746020677146
    0.01871020677146
    0.01996020677146
    0.02121020677146
    0.02246020677146
    0.02371020677146
    0.02496020677146
    0.02621020677146
    0.02746020677146
    0.02871020677146
    0.02996020677146
    0.03121020677146
    0.03246020677146
    0.03371020677146
    0.03496020677146
    0.03621020677146
    0.03746020677146
    0.03871020677146
    0.03996020677146
    0.04121020677146
    0.04246020677146
    0.04371020677146
    0.04496020677146
    0.04621020677146
    0.04746020677146
    0.04871020677146
    0.04996020677146
    0.05121020677146
    0.05246020677146
    0.05371020677146
    0.05496020677146
    0.05621020677146
    0.05746020677146
    0.05871020677146
    0.05996020677146
    0.06121020677146
    0.06246020677146
    0.06371020677146
    0.06496020677146
    0.06621020677146
    0.06746020677146
    0.06871020677146
    0.06996020677146
    0.07121020677146
    0.07246020677146
    0.07371020677146
    0.07496020677146
    0.07621020677146
    0.07746020677146
    0.07871020677146
    0.07996020677146
    0.08121020677146
    0.08246020677146
    0.08371020677146
    0.08496020677146
    0.08621020677146
    0.08746020677146
    0.08871020677146
    0.08996020677146
    0.09121020677146
    0.09246020677146
    0.09371020677146
    0.09496020677146
    0.09621020677146
    0.09746020677146
    0.09871020677146
    0.09996020677146
    0.10121020677146
    0.10246020677146
    0.10371020677146
    0.10496020677146
    0.10621020677146
    0.10746020677146
    0.10871020677146
    0.10996020677146
    0.11121020677146
    0.11246020677146
    0.11371020677146
    0.11496020677146
    0.11621020677146
    0.11746020677146
    0.11871020677146
    0.11996020677146
    0.12121020677146
    0.12246020677146
    0.12371020677146
    0.12496020677146
    0.12621020677146
    0.12746020677146
    0.12871020677146
    0.12996020677146
    0.13121020677146
    0.13246020677146
    0.13371020677146
    0.13496020677146
    0.13621020677146
    0.13746020677146
    0.13871020677146
    0.13996020677146
    0.14121020677146
    0.14246020677146
    0.14371020677146
    0.14496020677146
    0.14621020677146
    0.14746020677146
    0.14871020677146
    0.14996020677146
    0.15121020677146
    0.15246020677146
    0.15371020677146
    0.15496020677146
    0.15621020677146
    0.15746020677146
    0.15871020677146
    0.15996020677146
    0.16121020677146
    0.16246020677146
    0.16371020677146
    0.16496020677146
    0.16621020677146
    0.16746020677146
    0.16871020677146
    0.16996020677146
    0.17121020677146
    0.17246020677146
    0.17371020677146
    0.17496020677146
    0.17621020677146
    0.17746020677146
    0.17871020677146
    0.17996020677146
    0.18121020677146
    0.18246020677146
    0.18371020677146
    0.18496020677146
    0.18621020677146
    0.18746020677146
    0.18871020677146
    0.18996020677146
    0.19121020677146
    0.19246020677146
    0.19371020677146
    0.19496020677146
    0.19621020677146
    0.19746020677146
    0.19871020677146
    0.19996020677146
    0.20121020677146
    0.20246020677146
    0.20371020677146
    0.20496020677146
    0.20621020677146
    0.20746020677146
    0.20871020677146
    0.20996020677146
    0.21121020677146
    0.21246020677146
    0.21371020677146
    0.21496020677146
    0.21621020677146
    0.21746020677146
    0.21871020677146
    0.21996020677146
    0.22121020677146
    0.22246020677146
    0.22371020677146
    0.22496020677146
    0.22621020677146
    0.22746020677146
    0.22871020677146
    0.22996020677146
    0.23121020677146
    0.23246020677146
    0.23371020677146
    0.23496020677146
    0.23621020677146
    0.23746020677146
    0.23871020677146
    0.23996020677146
    0.24121020677146
    0.24246020677146
    0.24371020677146
    0.24496020677146
    0.24621020677146
    0.24746020677146
    0.24871020677146
    0.24996020677146
    0.25121020677146
    0.25246020677146
    0.25371020677146
    0.25496020677146
    0.25621020677146
    0.25746020677146
    0.25871020677146
    0.25996020677146
    0.26121020677146
    0.26246020677146
    0.26371020677146
    0.26496020677146
    0.26621020677146
    0.26746020677146
    0.26871020677146
    0.26996020677146
    0.27121020677146
    0.27246020677146
    0.27371020677146
    0.27496020677146
    0.27621020677146
    0.27746020677146
    0.27871020677146
    0.27996020677146
    0.28121020677146
    0.28246020677146
    0.28371020677146
    0.28496020677146
    0.28621020677146
    0.28746020677146
    0.28871020677146
    0.28996020677146
    0.29121020677146
    0.29246020677146
    0.29371020677146
    0.29496020677146
    0.29621020677146
    0.29746020677146
    0.29871020677146
    0.29996020677146
    0.30121020677146
    0.30246020677146
    0.30371020677146
    0.30496020677146
    0.30621020677146
    0.30746020677146
    0.30871020677146
    0.30996020677146
    0.31121020677146
    0.31246020677146
    0.31371020677146
    0.31496020677146
    0.31621020677146
    0.31746020677146
    0.31871020677146
    0.31996020677146
    0.32121020677146
    0.32246020677146
    0.32371020677146
    0.32496020677146
    0.32621020677146
    0.32746020677146
    0.32871020677146
    0.32996020677146
    0.33121020677146
    0.33246020677146
    0.33371020677146
    0.33496020677146
    0.33621020677146
    0.33746020677146
    0.33871020677146
    0.33996020677146
    0.34121020677146
    0.34246020677146
    0.34371020677146
    0.34496020677146
    0.34621020677146
    0.34746020677146
    0.34871020677146
    0.34996020677146
    0.35121020677146
    0.35246020677146
    0.35371020677146
    0.35496020677146
    0.35621020677146
    0.35746020677146
    0.35871020677146
    0.35996020677146
    0.36121020677146
    0.36246020677146
    0.36371020677146
    0.36496020677146
    0.36621020677146
    0.36746020677146
    0.36871020677146
    0.36996020677146
    0.37121020677146
    0.37246020677146
    0.37371020677146
    0.37496020677146
    0.37621020677146
    0.37746020677146
    0.37871020677146
    0.37996020677146
    0.38121020677146
    0.38246020677146
    0.38371020677146
    0.38496020677146
    0.38621020677146
    0.38746020677146
    0.38871020677146
    0.38996020677146
    0.39121020677146
    0.39246020677146
    0.39371020677146
    0.39496020677146
    0.39621020677146
    0.39746020677146
    0.39871020677146
    0.39996020677146
    0.40121020677146
    0.40246020677146
    0.40371020677146
    0.40496020677146
    0.40621020677146
    0.40746020677146
    0.40871020677146
    0.40996020677146
    0.41121020677146
    0.41246020677146
    0.41371020677146
    0.41496020677146
    0.41621020677146
    0.41746020677146
    0.41871020677146
    0.41996020677146
    0.42121020677146
    0.42246020677146
    0.42371020677146
    0.42496020677146
    0.42621020677146
    0.42746020677146
    0.42871020677146
    0.42996020677146
    0.43121020677146
    0.43246020677146
    0.43371020677146
    0.43496020677146
    0.43621020677146
    0.43746020677146
    0.43871020677146
    0.43996020677146
    0.44121020677146
    0.44246020677146
    0.44371020677146
    0.44496020677146
    0.44621020677146
    0.44746020677146
    0.44871020677146
    0.44996020677146
    0.45121020677146
    0.45246020677146
    0.45371020677146
    0.45496020677146
    0.45621020677146
    0.45746020677146
    0.45871020677146
    0.45996020677146
    0.46121020677146
    0.46246020677146
    0.46371020677146
    0.46496020677146
    0.46621020677146
    0.46746020677146
    0.46871020677146
    0.46996020677146
    0.47121020677146
    0.47246020677146
    0.47371020677146
    0.47496020677146
    0.47621020677146
    0.47746020677146
    0.47871020677146
    0.47996020677146
    0.48121020677146
    0.48246020677146
    0.48371020677146
    0.48496020677146
    0.48621020677146
    0.48746020677146
    0.48871020677146
    0.48996020677146
    0.49121020677146
    0.49246020677146
    0.49371020677146
    0.49496020677146
    0.49621020677146
    0.49746020677146
    0.49871020677146
    0.49996020677146
    0.50121020677146
    0.50246020677146
    0.50371020677146
    0.50496020677146
    0.50621020677146
    0.50746020677146
    0.50871020677146
    0.50996020677146
    0.51121020677146
    0.51246020677146
    0.51371020677146
    0.51496020677146
    0.51621020677146
    0.51746020677146
    0.51871020677146
    0.51996020677146
    0.52121020677146
    0.52246020677146
    0.52371020677146
    0.52496020677146
    0.52621020677146
    0.52746020677146
    0.52871020677146
    0.52996020677146
    0.53121020677146
    0.53246020677146
    0.53371020677146
    0.53496020677146
    0.53621020677146
    0.53746020677146
    0.53871020677146
    0.53996020677146
    0.54121020677146
    0.54246020677146
    0.54371020677146
    0.54496020677146
    0.54621020677146
    0.54746020677146
    0.54871020677146
    0.54996020677146
    0.55121020677146
    0.55246020677146
    0.55371020677146
    0.55496020677146
    0.55621020677146
    0.55746020677146
    0.55871020677146
    0.55996020677146
    0.56121020677146
    0.56246020677146
    0.56371020677146
    0.56496020677146
    0.56621020677146
    0.56746020677146
    0.56871020677146
    0.56996020677146
    0.57121020677146
    0.57246020677146
    0.57371020677146
    0.57496020677146
    0.57621020677146
    0.57746020677146
    0.57871020677146
    0.57996020677146
    0.58121020677146
    0.58246020677146
    0.58371020677146
    0.58496020677146
    0.58621020677146
    0.58746020677146
    0.58871020677146
    0.58996020677146
    0.59121020677146
    0.59246020677146
    0.59371020677146
    0.59496020677146
    0.59621020677146
    0.59746020677146
    0.59871020677146
    0.59996020677146
    0.60121020677146
    0.60246020677146
    0.60371020677146
    0.60496020677146
    0.60621020677146
    0.60746020677146
    0.60871020677146
    0.60996020677146
    0.61121020677146
    0.61246020677146
    0.61371020677146
    0.61496020677146
    0.61621020677146
    0.61746020677146
    0.61871020677146
    0.61996020677146
    0.62121020677146
    0.62246020677146
    0.62371020677146
    0.62496020677146
    0.62621020677146
    0.62746020677146
    0.62871020677146
    0.62996020677146
    0.63121020677146
    0.63246020677146
    0.63371020677146
    0.63496020677146
    0.63621020677146
    0.63746020677146
    0.63871020677146
    0.63996020677146
    0.64121020677146
    0.64246020677146
    0.64371020677146
    0.64496020677146
    0.64621020677146
    0.64746020677146
    0.64871020677146
    0.64996020677146
    0.65121020677146
    0.65246020677146
    0.65371020677146
    0.65496020677146
    0.65621020677146
    0.65746020677146
    0.65871020677146
    0.65996020677146
    0.66121020677146
    0.66246020677146
    0.66371020677146
    0.66496020677146
    0.66621020677146
    0.66746020677146
    0.66871020677146
    0.66996020677146
    0.67121020677146
    0.67246020677146
    0.67371020677146
    0.67496020677146
    0.67621020677146
    0.67746020677146
    0.67871020677146
    0.67996020677146
    0.68121020677146
    0.68246020677146
    0.68371020677146
    0.68496020677146
    0.68621020677146
    0.68746020677146
    0.68871020677146
    0.68996020677146
    0.69121020677146
    0.69246020677146
    0.69371020677146
    0.69496020677146
    0.69621020677146
    0.69746020677146
    0.69871020677146
    0.69996020677146
    0.70121020677146
    0.70246020677146
    0.70371020677146
    0.70496020677146
    0.70621020677146
    0.70746020677146
    0.70871020677146
    0.70996020677146
    0.71121020677146
    0.71246020677146
    0.71371020677146
    0.71496020677146
    0.71621020677146
    0.71746020677146
    0.71871020677146
    0.71996020677146
    0.72121020677146
    0.72246020677146
    0.72371020677146
    0.72496020677146
    0.72621020677146
    0.72746020677146
    0.72871020677146
    0.72996020677146
    0.73121020677146
    0.73246020677146
    0.73371020677146
    0.73496020677146
    0.73621020677146
    0.73746020677146
    0.73871020677146
    0.73996020677146
    0.74121020677146
    0.74246020677146
    0.74371020677146
    0.74496020677146
    0.74621020677146
    0.74746020677146
    0.74871020677146
    0.74996020677146
    0.75121020677146
    0.75246020677146
    0.75371020677146
    0.75496020677146
    0.75621020677146
    0.75746020677146
    0.75871020677146
    0.75996020677146
    0.76121020677146
    0.76246020677146
    0.76371020677146
    0.76496020677146
    0.76621020677146
    0.76746020677146
    0.76871020677146
    0.76996020677146
    0.77121020677146
    0.77246020677146
    0.77371020677146
    0.77496020677146
    0.77621020677146
    0.77746020677146
    0.77871020677146
    0.77996020677146
    0.78121020677146
    0.78246020677146
    0.78371020677146
    0.78496020677146
    0.78621020677146
    0.78746020677146
    0.78871020677146
    0.78996020677146
    0.79121020677146
    0.79246020677146
    0.79371020677146
    0.79496020677146
    0.79621020677146
    0.79746020677146
    0.79871020677146
    0.79996020677146
    0.80121020677146
    0.80246020677146
    0.80371020677146
    0.80496020677146
    0.80621020677146
    0.80746020677146
    0.80871020677146
    0.80996020677146
    0.81121020677146
    0.81246020677146
    0.81371020677146
    0.81496020677146
    0.81621020677146
    0.81746020677146
    0.81871020677146
    0.81996020677146
    0.82121020677146
    0.82246020677146
    0.82371020677146
    0.82496020677146
    0.82621020677146
    0.82746020677146
    0.82871020677146
    0.82996020677146
    0.83121020677146
    0.83246020677146
    0.83371020677146
    0.83496020677146
    0.83621020677146
    0.83746020677146
    0.83871020677146
    0.83996020677146
    0.84121020677146
    0.84246020677146
    0.84371020677146
    0.84496020677146
    0.84621020677146
    0.84746020677146
    0.84871020677146
    0.84996020677146
    0.85121020677146
    0.85246020677146
    0.85371020677146
    0.85496020677146
    0.85621020677146
    0.85746020677146
    0.85871020677146
    0.85996020677146
    0.86121020677146
    0.86246020677146
    0.86371020677146
    0.86496020677146
    0.86621020677146
    0.86746020677146
    0.86871020677146
    0.86996020677146
    0.87121020677146
    0.87246020677146
    0.87371020677146
    0.87496020677146
    0.87621020677146
    0.87746020677146
    0.87871020677146
    0.87996020677146
    0.88121020677146
    0.88246020677146
    0.88371020677146
    0.88496020677146
    0.88621020677146
    0.88746020677146
    0.88871020677146
    0.88996020677146
    0.89121020677146
    0.89246020677146
    0.89371020677146
    0.89496020677146
    0.89621020677146
    0.89746020677146
    0.89871020677146
    0.89996020677146
    0.90121020677146
    0.90246020677146
    0.90371020677146
    0.90496020677146
    0.90621020677146
    0.90746020677146
    0.90871020677146
    0.90996020677146
    0.91121020677146
    0.91246020677146
    0.91371020677146
    0.91496020677146
    0.91621020677146
    0.91746020677146
    0.91871020677146
    0.91996020677146
    0.92121020677146
    0.92246020677146
    0.92371020677146
    0.92496020677146
    0.92621020677146
    0.92746020677146
    0.92871020677146
    0.92996020677146
    0.93121020677146
    0.93246020677146
    0.93371020677146
    0.93496020677146
    0.93621020677146
    0.93746020677146
    0.93871020677146
    0.93996020677146
    0.94121020677146
    0.94246020677146
    0.94371020677146
    0.94496020677146
    0.94621020677146
    0.94746020677146
    0.94871020677146
    0.94996020677146
    0.95121020677146
    0.95246020677146
    0.95371020677146
    0.95496020677146
    0.95621020677146
    0.95746020677146
    0.95871020677146
    0.95996020677146
    0.96121020677146
    0.96246020677146
    0.96371020677146
    0.96496020677146
    0.96621020677146
    0.96746020677146
    0.96871020677146
    0.96996020677146
    0.97121020677146
    0.97246020677146
    0.97371020677146
    0.97496020677146
    0.97621020677146
    0.97746020677146
    0.97871020677146
    0.97996020677146
    0.98121020677146
    0.98246020677146
    0.98371020677146
    0.98496020677146
    0.98621020677146
    0.98746020677146
    0.98871020677146
    0.98996020677146
    0.99121020677146
    0.99246020677146
    0.99371020677146
    0.99496020677146
    0.99621020677146
    0.99746020677146
    0.99871020677146
    0.99996020677146
