    0.00000000000000
    0.00123902121840
    0.00248902121840
    0.00373902121840
    0.00498902121839
    0.00623902121839
    0.00748902121839
    0.00873902121839
    0.00998902121839
    0.01123902121839
    0.01248902121839
    0.01373902121839
    0.01498902121839
    0.01623902121839
    0.01748902121839
    0.01873902121839
    0.01998902121839
    0.02123902121839
    0.02248902121839
    0.02373902121839
    0.02498902121839
    0.02623902121839
    0.02748902121839
    0.02873902121839
    0.02998902121839
    0.03123902121839
    0.03248902121839
    0.03373902121839
    0.03498902121839
    0.03623902121839
    0.03748902121839
    0.03873902121839
    0.03998902121839
    0.04123902121839
    0.04248902121839
    0.04373902121839
    0.04498902121839
    0.04623902121839
    0.04748902121839
    0.04873902121839
    0.04998902121839
    0.05123902121839
    0.05248902121839
    0.05373902121839
    0.05498902121839
    0.05623902121839
    0.05748902121839
    0.05873902121839
    0.05998902121839
    0.06123902121839
    0.06248902121839
    0.06373902121839
    0.06498902121839
    0.06623902121839
    0.06748902121839
    0.06873902121839
    0.06998902121839
    0.07123902121839
    0.07248902121839
    0.07373902121839
    0.07498902121839
    0.07623902121839
    0.07748902121839
    0.07873902121839
    0.07998902121839
    0.08123902121839
    0.08248902121839
    0.08373902121839
    0.08498902121839
    0.08623902121839
    0.08748902121839
    0.08873902121839
    0.08998902121839
    0.09123902121839
    0.09248902121839
    0.09373902121839
    0.09498902121839
    0.09623902121839
    0.09748902121839
    0.09873902121839
    0.09998902121839
    0.10123902121839
    0.10248902121839
    0.10373902121839
    0.10498902121839
    0.10623902121839
    0.10748902121839
    0.10873902121839
    0.10998902121839
    0.11123902121839
    0.11248902121839
    0.11373902121839
    0.11498902121839
    0.11623902121839
    0.11748902121839
    0.11873902121839
    0.11998902121839
    0.12123902121839
    0.12248902121839
    0.12373902121839
    0.12498902121839
    0.12623902121839
    0.12748902121839
    0.12873902121839
    0.12998902121839
    0.13123902121839
    0.13248902121839
    0.13373902121839
    0.13498902121839
    0.13623902121839
    0.13748902121839
    0.13873902121839
    0.13998902121839
    0.14123902121839
    0.14248902121839
    0.14373902121839
    0.14498902121839
    0.14623902121839
    0.14748902121839
    0.14873902121839
    0.14998902121839
    0.15123902121839
    0.15248902121839
    0.15373902121839
    0.15498902121839
    0.15623902121839
    0.15748902121839
    0.15873902121839
    0.15998902121839
    0.16123902121839
    0.16248902121839
    0.16373902121839
    0.16498902121839
    0.16623902121839
    0.16748902121839
    0.16873902121839
    0.16998902121839
    0.17123902121839
    0.17248902121839
    0.17373902121839
    0.17498902121839
    0.17623902121839
    0.17748902121839
    0.17873902121839
    0.17998902121839
    0.18123902121839
    0.18248902121839
    0.18373902121839
    0.18498902121839
    0.18623902121839
    0.18748902121839
    0.18873902121839
    0.18998902121839
    0.19123902121839
    0.19248902121839
    0.19373902121839
    0.19498902121839
    0.19623902121839
    0.19748902121839
    0.19873902121839
    0.19998902121839
    0.20123902121839
    0.20248902121839
    0.20373902121839
    0.20498902121839
    0.20623902121839
    0.20748902121839
    0.20873902121839
    0.20998902121839
    0.21123902121839
    0.21248902121839
    0.21373902121839
    0.21498902121839
    0.21623902121839
    0.21748902121839
    0.21873902121839
    0.21998902121839
    0.22123902121839
    0.22248902121839
    0.22373902121839
    0.22498902121839
    0.22623902121839
    0.22748902121839
    0.22873902121839
    0.22998902121839
    0.23123902121839
    0.23248902121839
    0.23373902121839
    0.23498902121839
    0.23623902121839
    0.23748902121839
    0.23873902121839
    0.23998902121839
    0.24123902121839
    0.24248902121839
    0.24373902121839
    0.24498902121839
    0.24623902121839
    0.24748902121839
    0.24873902121839
    0.24998902121839
    0.25123902121840
    0.25248902121840
    0.25373902121840
    0.25498902121840
    0.25623902121840
    0.25748902121840
    0.25873902121840
    0.25998902121840
    0.26123902121840
    0.26248902121840
    0.26373902121840
    0.26498902121840
    0.26623902121840
    0.26748902121840
    0.26873902121840
    0.26998902121840
    0.27123902121840
    0.27248902121840
    0.27373902121840
    0.27498902121840
    0.27623902121840
    0.27748902121840
    0.27873902121840
    0.27998902121840
    0.28123902121840
    0.28248902121840
    0.28373902121840
    0.28498902121840
    0.28623902121840
    0.28748902121840
    0.28873902121840
    0.28998902121840
    0.29123902121840
    0.29248902121840
    0.29373902121840
    0.29498902121840
    0.29623902121840
    0.29748902121840
    0.29873902121840
    0.29998902121840
    0.30123902121840
    0.30248902121840
    0.30373902121840
    0.30498902121840
    0.30623902121840
    0.30748902121840
    0.30873902121840
    0.30998902121840
    0.31123902121840
    0.31248902121840
    0.31373902121840
    0.31498902121840
    0.31623902121840
    0.31748902121840
    0.31873902121840
    0.31998902121840
    0.32123902121840
    0.32248902121840
    0.32373902121840
    0.32498902121840
    0.32623902121840
    0.32748902121840
    0.32873902121840
    0.32998902121840
    0.33123902121840
    0.33248902121840
    0.33373902121840
    0.33498902121840
    0.33623902121840
    0.33748902121840
    0.33873902121840
    0.33998902121840
    0.34123902121840
    0.34248902121840
    0.34373902121840
    0.34498902121840
    0.34623902121840
    0.34748902121840
    0.34873902121840
    0.34998902121840
    0.35123902121840
    0.35248902121840
    0.35373902121840
    0.35498902121840
    0.35623902121840
    0.35748902121840
    0.35873902121840
    0.35998902121840
    0.36123902121840
    0.36248902121840
    0.36373902121840
    0.36498902121840
    0.36623902121840
    0.36748902121840
    0.36873902121840
    0.36998902121840
    0.37123902121840
    0.37248902121840
    0.37373902121840
    0.37498902121840
    0.37623902121840
    0.37748902121840
    0.37873902121840
    0.37998902121840
    0.38123902121840
    0.38248902121840
    0.38373902121840
    0.38498902121840
    0.38623902121840
    0.38748902121840
    0.38873902121840
    0.38998902121840
    0.39123902121840
    0.39248902121840
    0.39373902121840
    0.39498902121840
    0.39623902121840
    0.39748902121840
    0.39873902121840
    0.39998902121840
    0.40123902121840
    0.40248902121840
    0.40373902121840
    0.40498902121840
    0.40623902121840
    0.40748902121840
    0.40873902121840
    0.40998902121840
    0.41123902121840
    0.41248902121840
    0.41373902121840
    0.41498902121840
    0.41623902121840
    0.41748902121840
    0.41873902121840
    0.41998902121840
    0.42123902121840
    0.42248902121840
    0.42373902121840
    0.42498902121840
    0.42623902121840
    0.42748902121840
    0.42873902121840
    0.42998902121840
    0.43123902121840
    0.43248902121840
    0.43373902121840
    0.43498902121840
    0.43623902121840
    0.43748902121840
    0.43873902121840
    0.43998902121840
    0.44123902121840
    0.44248902121840
    0.44373902121840
    0.44498902121840
    0.44623902121840
    0.44748902121840
    0.44873902121840
    0.44998902121840
    0.45123902121840
    0.45248902121840
    0.45373902121840
    0.45498902121840
    0.45623902121840
    0.45748902121840
    0.45873902121840
    0.45998902121840
    0.46123902121840
    0.46248902121840
    0.46373902121840
    0.46498902121840
    0.46623902121840
    0.46748902121840
    0.46873902121840
    0.46998902121840
    0.47123902121840
    0.47248902121840
    0.47373902121840
    0.47498902121840
    0.47623902121840
    0.47748902121840
    0.47873902121840
    0.47998902121840
    0.48123902121840
    0.48248902121840
    0.48373902121840
    0.48498902121840
    0.48623902121840
    0.48748902121840
    0.48873902121840
    0.48998902121840
    0.49123902121840
    0.49248902121840
    0.49373902121840
    0.49498902121840
    0.49623902121840
    0.49748902121840
    0.49873902121840
    0.49998902121840
    0.50123902121839
    0.50248902121839
    0.50373902121839
    0.50498902121839
    0.50623902121839
    0.50748902121839
    0.50873902121839
    0.50998902121839
    0.51123902121839
    0.51248902121839
    0.51373902121839
    0.51498902121839
    0.51623902121839
    0.51748902121839
    0.51873902121839
    0.51998902121839
    0.52123902121839
    0.52248902121839
    0.52373902121839
    0.52498902121839
    0.52623902121839
    0.52748902121839
    0.52873902121839
    0.52998902121839
    0.53123902121839
    0.53248902121839
    0.53373902121839
    0.53498902121839
    0.53623902121839
    0.53748902121839
    0.53873902121839
    0.53998902121839
    0.54123902121839
    0.54248902121839
    0.54373902121839
    0.54498902121839
    0.54623902121839
    0.54748902121839
    0.54873902121839
    0.54998902121839
    0.55123902121839
    0.55248902121839
    0.55373902121839
    0.55498902121839
    0.55623902121839
    0.55748902121839
    0.55873902121839
    0.55998902121839
    0.56123902121839
    0.56248902121839
    0.56373902121839
    0.56498902121839
    0.56623902121839
    0.56748902121839
    0.56873902121839
    0.56998902121839
    0.57123902121839
    0.57248902121839
    0.57373902121839
    0.57498902121839
    0.57623902121839
    0.57748902121839
    0.57873902121839
    0.57998902121839
    0.58123902121839
    0.58248902121839
    0.58373902121839
    0.58498902121839
    0.58623902121839
    0.58748902121839
    0.58873902121839
    0.58998902121839
    0.59123902121839
    0.59248902121839
    0.59373902121839
    0.59498902121839
    0.59623902121839
    0.59748902121839
    0.59873902121839
    0.59998902121839
    0.60123902121839
    0.60248902121839
    0.60373902121839
    0.60498902121839
    0.60623902121839
    0.60748902121839
    0.60873902121839
    0.60998902121839
    0.61123902121839
    0.61248902121839
    0.61373902121839
    0.61498902121839
    0.61623902121839
    0.61748902121839
    0.61873902121839
    0.61998902121839
    0.62123902121839
    0.62248902121839
    0.62373902121839
    0.62498902121839
    0.62623902121839
    0.62748902121839
    0.62873902121839
    0.62998902121839
    0.63123902121839
    0.63248902121839
    0.63373902121839
    0.63498902121839
    0.63623902121839
    0.63748902121839
    0.63873902121839
    0.63998902121839
    0.64123902121839
    0.64248902121839
    0.64373902121839
    0.64498902121839
    0.64623902121839
    0.64748902121839
    0.64873902121839
    0.64998902121839
    0.65123902121839
    0.65248902121839
    0.65373902121839
    0.65498902121839
    0.65623902121839
    0.65748902121839
    0.65873902121839
    0.65998902121839
    0.66123902121839
    0.66248902121839
    0.66373902121839
    0.66498902121839
    0.66623902121839
    0.66748902121839
    0.66873902121839
    0.66998902121839
    0.67123902121839
    0.67248902121839
    0.67373902121839
    0.67498902121839
    0.67623902121839
    0.67748902121839
    0.67873902121839
    0.67998902121839
    0.68123902121839
    0.68248902121839
    0.68373902121839
    0.68498902121839
    0.68623902121839
    0.68748902121839
    0.68873902121839
    0.68998902121839
    0.69123902121839
    0.69248902121839
    0.69373902121839
    0.69498902121839
    0.69623902121839
    0.69748902121839
    0.69873902121839
    0.69998902121839
    0.70123902121839
    0.70248902121839
    0.70373902121839
    0.70498902121839
    0.70623902121839
    0.70748902121839
    0.70873902121839
    0.70998902121839
    0.71123902121839
    0.71248902121839
    0.71373902121839
    0.71498902121839
    0.71623902121839
    0.71748902121839
    0.71873902121839
    0.71998902121839
    0.72123902121839
    0.72248902121839
    0.72373902121839
    0.72498902121839
    0.72623902121839
    0.72748902121839
    0.72873902121839
    0.72998902121839
    0.73123902121839
    0.73248902121839
    0.73373902121839
    0.73498902121839
    0.73623902121839
    0.73748902121839
    0.73873902121839
    0.73998902121839
    0.74123902121839
    0.74248902121839
    0.74373902121839
    0.74498902121839
    0.74623902121839
    0.74748902121839
    0.74873902121839
    0.74998902121839
    0.75123902121839
    0.75248902121839
    0.75373902121839
    0.75498902121839
    0.75623902121839
    0.75748902121839
    0.75873902121839
    0.75998902121839
    0.76123902121839
    0.76248902121839
    0.76373902121839
    0.76498902121839
    0.76623902121839
    0.76748902121839
    0.76873902121839
    0.76998902121839
    0.77123902121839
    0.77248902121839
    0.77373902121839
    0.77498902121839
    0.77623902121839
    0.77748902121839
    0.77873902121839
    0.77998902121839
    0.78123902121839
    0.78248902121839
    0.78373902121839
    0.78498902121839
    0.78623902121839
    0.78748902121839
    0.78873902121839
    0.78998902121839
    0.79123902121839
    0.79248902121839
    0.79373902121839
    0.79498902121839
    0.79623902121839
    0.79748902121839
    0.79873902121839
    0.79998902121839
    0.80123902121839
    0.80248902121839
    0.80373902121839
    0.80498902121839
    0.80623902121839
    0.80748902121839
    0.80873902121839
    0.80998902121839
    0.81123902121839
    0.81248902121839
    0.81373902121839
    0.81498902121839
    0.81623902121839
    0.81748902121839
    0.81873902121839
    0.81998902121839
    0.82123902121839
    0.82248902121839
    0.82373902121839
    0.82498902121839
    0.82623902121839
    0.82748902121839
    0.82873902121839
    0.82998902121839
    0.83123902121839
    0.83248902121839
    0.83373902121839
    0.83498902121839
    0.83623902121839
    0.83748902121839
    0.83873902121839
    0.83998902121839
    0.84123902121839
    0.84248902121839
    0.84373902121839
    0.84498902121839
    0.84623902121839
    0.84748902121839
    0.84873902121839
    0.84998902121839
    0.85123902121839
    0.85248902121839
    0.85373902121839
    0.85498902121839
    0.85623902121839
    0.85748902121839
    0.85873902121839
    0.85998902121839
    0.86123902121839
    0.86248902121839
    0.86373902121839
    0.86498902121839
    0.86623902121839
    0.86748902121839
    0.86873902121839
    0.86998902121839
    0.87123902121839
    0.87248902121839
    0.87373902121839
    0.87498902121839
    0.87623902121839
    0.87748902121839
    0.87873902121839
    0.87998902121839
    0.88123902121839
    0.88248902121839
    0.88373902121839
    0.88498902121839
    0.88623902121839
    0.88748902121839
    0.88873902121839
    0.88998902121839
    0.89123902121839
    0.89248902121839
    0.89373902121839
    0.89498902121839
    0.89623902121839
    0.89748902121839
    0.89873902121839
    0.89998902121839
    0.90123902121839
    0.90248902121839
    0.90373902121839
    0.90498902121839
    0.90623902121839
    0.90748902121839
    0.90873902121839
    0.90998902121839
    0.91123902121839
    0.91248902121839
    0.91373902121839
    0.91498902121839
    0.91623902121839
    0.91748902121839
    0.91873902121839
    0.91998902121839
    0.92123902121839
    0.92248902121839
    0.92373902121839
    0.92498902121839
    0.92623902121839
    0.92748902121839
    0.92873902121839
    0.92998902121839
    0.93123902121839
    0.93248902121839
    0.93373902121839
    0.93498902121839
    0.93623902121839
    0.93748902121839
    0.93873902121839
    0.93998902121839
    0.94123902121839
    0.94248902121839
    0.94373902121839
    0.94498902121839
    0.94623902121839
    0.94748902121839
    0.94873902121839
    0.94998902121839
    0.95123902121839
    0.95248902121839
    0.95373902121839
    0.95498902121839
    0.95623902121839
    0.95748902121839
    0.95873902121839
    0.95998902121839
    0.96123902121839
    0.96248902121839
    0.96373902121839
    0.96498902121839
    0.96623902121839
    0.96748902121839
    0.96873902121839
    0.96998902121839
    0.97123902121839
    0.97248902121839
    0.97373902121839
    0.97498902121839
    0.97623902121839
    0.97748902121839
    0.97873902121839
    0.97998902121839
    0.98123902121839
    0.98248902121839
    0.98373902121839
    0.98498902121839
    0.98623902121839
    0.98748902121839
    0.98873902121839
    0.98998902121839
    0.99123902121839
    0.99248902121839
    0.99373902121839
    0.99498902121839
    0.99623902121839
    0.99748902121839
    0.99873902121839
    0.99998902121839
