    0.00000000000000
    0.00248938591471
    0.00498938591471
    0.00748938591471
    0.00998938591471
    0.01248938591471
    0.01498938591471
    0.01748938591471
    0.01998938591471
    0.02248938591471
    0.02498938591471
    0.02748938591471
    0.02998938591471
    0.03248938591471
    0.03498938591471
    0.03748938591471
    0.03998938591471
    0.04248938591471
    0.04498938591471
    0.04748938591471
    0.04998938591471
    0.05248938591471
    0.05498938591471
    0.05748938591471
    0.05998938591471
    0.06248938591471
    0.06498938591471
    0.06748938591471
    0.06998938591471
    0.07248938591471
    0.07498938591471
    0.07748938591471
    0.07998938591471
    0.08248938591471
    0.08498938591471
    0.08748938591471
    0.08998938591471
    0.09248938591471
    0.09498938591471
    0.09748938591471
    0.09998938591471
    0.10248938591471
    0.10498938591471
    0.10748938591471
    0.10998938591471
    0.11248938591471
    0.11498938591471
    0.11748938591471
    0.11998938591471
    0.12248938591471
    0.12498938591471
    0.12748938591471
    0.12998938591471
    0.13248938591471
    0.13498938591471
    0.13748938591471
    0.13998938591471
    0.14248938591471
    0.14498938591471
    0.14748938591471
    0.14998938591471
    0.15248938591471
    0.15498938591471
    0.15748938591471
    0.15998938591471
    0.16248938591471
    0.16498938591471
    0.16748938591471
    0.16998938591471
    0.17248938591471
    0.17498938591471
    0.17748938591471
    0.17998938591471
    0.18248938591471
    0.18498938591471
    0.18748938591471
    0.18998938591471
    0.19248938591471
    0.19498938591471
    0.19748938591471
    0.19998938591471
    0.20248938591471
    0.20498938591471
    0.20748938591471
    0.20998938591471
    0.21248938591471
    0.21498938591471
    0.21748938591471
    0.21998938591471
    0.22248938591471
    0.22498938591471
    0.22748938591471
    0.22998938591471
    0.23248938591471
    0.23498938591471
    0.23748938591471
    0.23998938591471
    0.24248938591471
    0.24498938591471
    0.24748938591471
    0.24998938591471
    0.25248938591471
    0.25498938591471
    0.25748938591471
    0.25998938591471
    0.26248938591471
    0.26498938591471
    0.26748938591471
    0.26998938591471
    0.27248938591471
    0.27498938591471
    0.27748938591471
    0.27998938591471
    0.28248938591471
    0.28498938591471
    0.28748938591471
    0.28998938591471
    0.29248938591471
    0.29498938591471
    0.29748938591471
    0.29998938591471
    0.30248938591471
    0.30498938591471
    0.30748938591471
    0.30998938591471
    0.31248938591471
    0.31498938591471
    0.31748938591471
    0.31998938591471
    0.32248938591471
    0.32498938591471
    0.32748938591471
    0.32998938591471
    0.33248938591471
    0.33498938591471
    0.33748938591471
    0.33998938591471
    0.34248938591471
    0.34498938591471
    0.34748938591471
    0.34998938591471
    0.35248938591471
    0.35498938591471
    0.35748938591471
    0.35998938591471
    0.36248938591471
    0.36498938591471
    0.36748938591471
    0.36998938591471
    0.37248938591471
    0.37498938591471
    0.37748938591471
    0.37998938591471
    0.38248938591471
    0.38498938591471
    0.38748938591471
    0.38998938591471
    0.39248938591471
    0.39498938591471
    0.39748938591471
    0.39998938591471
    0.40248938591471
    0.40498938591471
    0.40748938591471
    0.40998938591471
    0.41248938591471
    0.41498938591471
    0.41748938591471
    0.41998938591471
    0.42248938591471
    0.42498938591471
    0.42748938591471
    0.42998938591471
    0.43248938591471
    0.43498938591471
    0.43748938591471
    0.43998938591471
    0.44248938591471
    0.44498938591471
    0.44748938591471
    0.44998938591471
    0.45248938591471
    0.45498938591471
    0.45748938591471
    0.45998938591471
    0.46248938591471
    0.46498938591471
    0.46748938591471
    0.46998938591471
    0.47248938591471
    0.47498938591471
    0.47748938591471
    0.47998938591471
    0.48248938591471
    0.48498938591471
    0.48748938591471
    0.48998938591471
    0.49248938591471
    0.49498938591471
    0.49748938591471
    0.49998938591471
    0.50248938591471
    0.50498938591471
    0.50748938591471
    0.50998938591471
    0.51248938591471
    0.51498938591471
    0.51748938591471
    0.51998938591471
    0.52248938591471
    0.52498938591471
    0.52748938591471
    0.52998938591471
    0.53248938591471
    0.53498938591471
    0.53748938591471
    0.53998938591471
    0.54248938591471
    0.54498938591471
    0.54748938591471
    0.54998938591471
    0.55248938591471
    0.55498938591471
    0.55748938591471
    0.55998938591471
    0.56248938591471
    0.56498938591471
    0.56748938591471
    0.56998938591471
    0.57248938591471
    0.57498938591471
    0.57748938591471
    0.57998938591471
    0.58248938591471
    0.58498938591471
    0.58748938591471
    0.58998938591471
    0.59248938591471
    0.59498938591471
    0.59748938591471
    0.59998938591471
    0.60248938591471
    0.60498938591471
    0.60748938591471
    0.60998938591471
    0.61248938591471
    0.61498938591471
    0.61748938591471
    0.61998938591471
    0.62248938591471
    0.62498938591471
    0.62748938591471
    0.62998938591471
    0.63248938591471
    0.63498938591471
    0.63748938591471
    0.63998938591471
    0.64248938591471
    0.64498938591471
    0.64748938591471
    0.64998938591471
    0.65248938591471
    0.65498938591471
    0.65748938591471
    0.65998938591471
    0.66248938591471
    0.66498938591471
    0.66748938591471
    0.66998938591471
    0.67248938591471
    0.67498938591471
    0.67748938591471
    0.67998938591471
    0.68248938591471
    0.68498938591471
    0.68748938591471
    0.68998938591471
    0.69248938591471
    0.69498938591471
    0.69748938591471
    0.69998938591471
    0.70248938591471
    0.70498938591471
    0.70748938591471
    0.70998938591471
    0.71248938591471
    0.71498938591471
    0.71748938591471
    0.71998938591471
    0.72248938591471
    0.72498938591471
    0.72748938591471
    0.72998938591471
    0.73248938591471
    0.73498938591471
    0.73748938591471
    0.73998938591471
    0.74248938591471
    0.74498938591471
    0.74748938591471
    0.74998938591471
    0.75248938591471
    0.75498938591471
    0.75748938591471
    0.75998938591471
    0.76248938591471
    0.76498938591471
    0.76748938591471
    0.76998938591471
    0.77248938591471
    0.77498938591471
    0.77748938591471
    0.77998938591471
    0.78248938591471
    0.78498938591471
    0.78748938591471
    0.78998938591471
    0.79248938591471
    0.79498938591471
    0.79748938591471
    0.79998938591471
    0.80248938591471
    0.80498938591471
    0.80748938591471
    0.80998938591471
    0.81248938591471
    0.81498938591471
    0.81748938591471
    0.81998938591471
    0.82248938591471
    0.82498938591471
    0.82748938591471
    0.82998938591471
    0.83248938591471
    0.83498938591471
    0.83748938591471
    0.83998938591471
    0.84248938591471
    0.84498938591471
    0.84748938591471
    0.84998938591471
    0.85248938591471
    0.85498938591471
    0.85748938591471
    0.85998938591471
    0.86248938591471
    0.86498938591471
    0.86748938591471
    0.86998938591471
    0.87248938591471
    0.87498938591471
    0.87748938591471
    0.87998938591471
    0.88248938591471
    0.88498938591471
    0.88748938591471
    0.88998938591471
    0.89248938591471
    0.89498938591471
    0.89748938591471
    0.89998938591471
    0.90248938591471
    0.90498938591471
    0.90748938591471
    0.90998938591471
    0.91248938591471
    0.91498938591471
    0.91748938591471
    0.91998938591471
    0.92248938591471
    0.92498938591471
    0.92748938591471
    0.92998938591471
    0.93248938591471
    0.93498938591471
    0.93748938591471
    0.93998938591471
    0.94248938591471
    0.94498938591471
    0.94748938591471
    0.94998938591471
    0.95248938591471
    0.95498938591471
    0.95748938591471
    0.95998938591471
    0.96248938591471
    0.96498938591471
    0.96748938591471
    0.96998938591471
    0.97248938591471
    0.97498938591471
    0.97748938591471
    0.97998938591471
    0.98248938591471
    0.98498938591471
    0.98748938591471
    0.98998938591471
    0.99248938591471
    0.99498938591471
    0.99748938591471
    0.99998938591471
