    0.00000000000000
    0.00497796602330
    0.00997796602330
    0.01497796602330
    0.01997796602330
    0.02497796602330
    0.02997796602330
    0.03497796602330
    0.03997796602330
    0.04497796602330
    0.04997796602330
    0.05497796602330
    0.05997796602330
    0.06497796602330
    0.06997796602330
    0.07497796602330
    0.07997796602330
    0.08497796602330
    0.08997796602330
    0.09497796602330
    0.09997796602330
    0.10497796602330
    0.10997796602330
    0.11497796602330
    0.11997796602330
    0.12497796602330
    0.12997796602330
    0.13497796602330
    0.13997796602330
    0.14497796602330
    0.14997796602330
    0.15497796602330
    0.15997796602330
    0.16497796602330
    0.16997796602330
    0.17497796602330
    0.17997796602330
    0.18497796602330
    0.18997796602330
    0.19497796602330
    0.19997796602330
    0.20497796602330
    0.20997796602330
    0.21497796602330
    0.21997796602330
    0.22497796602330
    0.22997796602330
    0.23497796602330
    0.23997796602330
    0.24497796602330
    0.24997796602330
    0.25497796602330
    0.25997796602330
    0.26497796602330
    0.26997796602330
    0.27497796602330
    0.27997796602330
    0.28497796602330
    0.28997796602330
    0.29497796602330
    0.29997796602330
    0.30497796602330
    0.30997796602330
    0.31497796602330
    0.31997796602330
    0.32497796602330
    0.32997796602330
    0.33497796602330
    0.33997796602330
    0.34497796602330
    0.34997796602330
    0.35497796602330
    0.35997796602330
    0.36497796602330
    0.36997796602330
    0.37497796602330
    0.37997796602330
    0.38497796602330
    0.38997796602330
    0.39497796602330
    0.39997796602330
    0.40497796602330
    0.40997796602330
    0.41497796602330
    0.41997796602330
    0.42497796602330
    0.42997796602330
    0.43497796602330
    0.43997796602330
    0.44497796602330
    0.44997796602330
    0.45497796602330
    0.45997796602330
    0.46497796602330
    0.46997796602330
    0.47497796602330
    0.47997796602330
    0.48497796602330
    0.48997796602330
    0.49497796602330
    0.49997796602330
    0.50497796602330
    0.50997796602330
    0.51497796602330
    0.51997796602330
    0.52497796602330
    0.52997796602330
    0.53497796602330
    0.53997796602330
    0.54497796602330
    0.54997796602330
    0.55497796602330
    0.55997796602330
    0.56497796602330
    0.56997796602330
    0.57497796602330
    0.57997796602330
    0.58497796602330
    0.58997796602330
    0.59497796602330
    0.59997796602330
    0.60497796602330
    0.60997796602330
    0.61497796602330
    0.61997796602330
    0.62497796602330
    0.62997796602330
    0.63497796602330
    0.63997796602330
    0.64497796602330
    0.64997796602330
    0.65497796602330
    0.65997796602330
    0.66497796602330
    0.66997796602330
    0.67497796602330
    0.67997796602330
    0.68497796602330
    0.68997796602330
    0.69497796602330
    0.69997796602330
    0.70497796602330
    0.70997796602330
    0.71497796602330
    0.71997796602330
    0.72497796602330
    0.72997796602330
    0.73497796602330
    0.73997796602330
    0.74497796602330
    0.74997796602330
    0.75497796602330
    0.75997796602330
    0.76497796602330
    0.76997796602330
    0.77497796602330
    0.77997796602330
    0.78497796602330
    0.78997796602330
    0.79497796602330
    0.79997796602330
    0.80497796602330
    0.80997796602330
    0.81497796602330
    0.81997796602330
    0.82497796602330
    0.82997796602330
    0.83497796602330
    0.83997796602330
    0.84497796602330
    0.84997796602330
    0.85497796602330
    0.85997796602330
    0.86497796602330
    0.86997796602330
    0.87497796602330
    0.87997796602330
    0.88497796602330
    0.88997796602330
    0.89497796602330
    0.89997796602330
    0.90497796602330
    0.90997796602330
    0.91497796602330
    0.91997796602330
    0.92497796602330
    0.92997796602330
    0.93497796602330
    0.93997796602330
    0.94497796602330
    0.94997796602330
    0.95497796602330
    0.95997796602330
    0.96497796602330
    0.96997796602330
    0.97497796602330
    0.97997796602330
    0.98497796602330
    0.98997796602330
    0.99497796602330
    0.99997796602330
