    0.00000000000000
    0.04994173354536
    0.09994173354536
    0.14994173354536
    0.19994173354536
    0.24994173354536
    0.29994173354536
    0.34994173354536
    0.39994173354536
    0.44994173354536
    0.49994173354536
    0.54994173354532
    0.59994173354532
    0.64994173354532
    0.69994173354532
    0.74994173354532
    0.79994173354532
    0.84994173354532
    0.89994173354532
    0.94994173354532
    0.99994173354532
    1.04994173354532
    1.09994173354532
    1.14994173354532
    1.19994173354532
    1.24994173354532
    1.29994173354532
    1.34994173354532
    1.39994173354532
    1.44994173354532
    1.49994173354532
    1.54994173354532
    1.59994173354532
    1.64994173354532
    1.69994173354532
    1.74994173354532
    1.79994173354532
    1.84994173354532
    1.89994173354532
    1.94994173354532
    1.99994173354532
    2.04994173354548
    2.09994173354548
    2.14994173354548
    2.19994173354548
    2.24994173354548
    2.29994173354548
    2.34994173354548
    2.39994173354548
    2.44994173354548
    2.49994173354548
    2.54994173354548
    2.59994173354548
    2.64994173354548
    2.69994173354548
    2.74994173354548
    2.79994173354548
    2.84994173354548
    2.89994173354548
    2.94994173354548
    2.99994173354548
    3.04994173354548
    3.09994173354548
    3.14994173354548
    3.19994173354548
    3.24994173354548
    3.29994173354548
    3.34994173354548
    3.39994173354548
    3.44994173354548
    3.49994173354548
    3.54994173354548
    3.59994173354548
    3.64994173354548
    3.69994173354548
    3.74994173354548
    3.79994173354548
    3.84994173354548
    3.89994173354548
    3.94994173354548
    3.99994173354548
    4.04994173354548
    4.09994173354548
    4.14994173354548
    4.19994173354548
    4.24994173354548
    4.29994173354548
    4.34994173354548
    4.39994173354548
    4.44994173354548
    4.49994173354548
    4.54994173354548
    4.59994173354548
    4.64994173354548
    4.69994173354548
    4.74994173354548
    4.79994173354548
    4.84994173354548
    4.89994173354548
    4.94994173354548
    4.99994173354548
    5.04994173354548
    5.09994173354548
    5.14994173354548
    5.19994173354548
    5.24994173354548
    5.29994173354548
    5.34994173354548
    5.39994173354548
    5.44994173354548
    5.49994173354548
    5.54994173354548
    5.59994173354548
    5.64994173354548
    5.69994173354548
    5.74994173354548
    5.79994173354548
    5.84994173354548
    5.89994173354548
    5.94994173354548
    5.99994173354548
    6.04994173354548
    6.09994173354548
    6.14994173354548
    6.19994173354548
    6.24994173354548
    6.29994173354548
    6.34994173354548
    6.39994173354548
    6.44994173354548
    6.49994173354548
    6.54994173354548
    6.59994173354548
    6.64994173354548
    6.69994173354548
    6.74994173354548
    6.79994173354548
    6.84994173354548
    6.89994173354548
    6.94994173354548
    6.99994173354548
    7.04994173354548
    7.09994173354548
    7.14994173354548
    7.19994173354548
    7.24994173354548
    7.29994173354548
    7.34994173354548
    7.39994173354548
    7.44994173354548
    7.49994173354548
    7.54994173354548
    7.59994173354548
    7.64994173354548
    7.69994173354548
    7.74994173354548
    7.79994173354548
    7.84994173354548
    7.89994173354548
    7.94994173354548
    7.99994173354548
    8.04994173354548
    8.09994173354548
    8.14994173354548
    8.19994173354548
    8.24994173354548
    8.29994173354548
    8.34994173354548
    8.39994173354548
    8.44994173354548
    8.49994173354548
    8.54994173354548
    8.59994173354548
    8.64994173354548
    8.69994173354548
    8.74994173354548
    8.79994173354548
    8.84994173354548
    8.89994173354548
    8.94994173354548
    8.99994173354548
    9.04994173354548
    9.09994173354548
    9.14994173354548
    9.19994173354548
    9.24994173354548
    9.29994173354548
    9.34994173354548
    9.39994173354548
    9.44994173354548
    9.49994173354548
    9.54994173354548
    9.59994173354548
    9.64994173354548
    9.69994173354548
    9.74994173354548
    9.79994173354548
    9.84994173354548
    9.89994173354548
    9.94994173354548
    9.99994173354548
