0.000000 0.000000 
0.000000 0.000000 
0.000000 0.000000 
0.000000 0.000000 
0.000000 0.000000 
0.000000 0.000000 
0.000000 0.000000 
0.000000 0.000000 
0.000000 0.000000 
0.000000 0.000000 
0.000000 0.000000 
0.000000 0.000000 
0.000000 0.000000 
0.000000 0.000000 
0.000000 0.000000 
0.000000 0.000000 
0.000000 0.000000 
0.000000 0.000000 
0.000000 0.000000 
0.000000 0.000000 
0.000000 0.000000 
0.000000 0.000000 
0.000000 0.000000 
0.000000 0.000000 
0.000000 0.000000 
0.000000 0.000000 
0.000000 0.000000 
0.000000 0.000000 
0.000000 0.000000 
0.000000 0.000000 
0.000000 0.000000 
0.000000 0.000000 
0.000000 0.000000 
0.000000 0.000000 
0.000000 0.000000 
0.000000 0.000000 
0.000000 0.000000 
0.000000 0.000000 
0.000000 0.000000 
0.000000 0.000000 
0.000000 0.000000 
0.000000 0.000000 
0.000000 0.000000 
0.000000 0.000000 
0.000000 0.000000 
0.000000 0.000000 
0.000000 0.000000 
0.000000 0.000000 
0.000000 0.000000 
0.000000 0.000000 
0.000000 0.000000 
0.000000 0.000000 
0.000000 0.000000 
0.000000 0.000000 
0.000000 0.000000 
0.000000 0.000000 
0.000000 0.000000 
0.000000 0.000000 
0.000000 0.000000 
0.000000 0.000000 
0.000000 0.000000 
0.000000 0.000000 
0.000000 0.000000 
0.000000 0.000000 
0.000000 0.000000 
0.000000 0.000000 
0.000000 0.000000 
0.000000 0.000000 
0.000000 -0.000000 
0.000000 0.000000 
0.000000 -0.000000 
0.000000 0.000000 
0.000000 -0.000000 
0.000000 0.000000 
0.000000 -0.000000 
0.000000 0.000000 
0.000000 0.000000 
0.000000 -0.000000 
0.000000 0.000000 
0.000000 0.000000 
0.000000 -0.000000 
0.000000 0.000000 
0.000000 0.000000 
0.000000 -0.000000 
0.000000 0.000000 
0.000000 0.000000 
0.000000 -0.000000 
0.000000 0.000000 
0.000000 0.000000 
0.000000 -0.000000 
0.000000 0.000000 
0.000000 0.000000 
0.000000 -0.000000 
0.000000 -0.000000 
0.000000 0.000000 
0.000000 -0.000000 
0.000000 -0.000000 
0.000000 0.000000 
0.000000 -0.000000 
0.000000 -0.000000 
0.000000 0.000000 
0.000000 -0.000000 
0.000000 -0.000000 
0.000000 0.000000 
0.000000 0.000000 
0.000000 -0.000000 
0.000000 0.000000 
0.000000 0.000000 
0.000000 -0.000000 
0.000000 0.000000 
0.000000 0.000000 
0.000000 -0.000000 
0.000000 0.000004 
0.000000 0.000579 
0.000000 0.039877 
1.000000 0.874792 
1.000000 0.996264 
1.000000 0.999924 
1.000000 0.999999 
1.000000 1.000000 
1.000000 1.000000 
1.000000 1.000000 
1.000000 1.000000 
1.000000 1.000000 
1.000000 1.000000 
1.000000 1.000000 
1.000000 1.000000 
1.000000 1.000000 
1.000000 1.000000 
1.000000 1.000000 
1.000000 1.000000 
1.000000 1.000000 
1.000000 1.000000 
1.000000 1.000000 
1.000000 1.000000 
1.000000 1.000000 
1.000000 1.000000 
1.000000 1.000000 
1.000000 1.000001 
1.000000 0.999995 
1.000000 0.970979 
0.000000 0.115787 
0.000000 0.001784 
0.000000 0.000017 
0.000000 -0.000000 
0.000000 0.000000 
0.000000 0.000000 
0.000000 -0.000000 
0.000000 -0.000000 
0.000000 0.000000 
0.000000 -0.000000 
0.000000 -0.000000 
0.000000 0.000000 
0.000000 -0.000000 
0.000000 -0.000000 
0.000000 0.000000 
0.000000 -0.000000 
0.000000 -0.000000 
0.000000 0.000000 
0.000000 -0.000000 
0.000000 -0.000000 
0.000000 0.000000 
0.000000 -0.000000 
0.000000 -0.000000 
0.000000 0.000000 
0.000000 0.000000 
0.000000 -0.000000 
0.000000 0.000000 
0.000000 0.000000 
0.000000 -0.000000 
0.000000 0.000000 
0.000000 0.000000 
0.000000 -0.000000 
0.000000 0.000000 
0.000000 0.000000 
0.000000 -0.000000 
0.000000 0.000000 
0.000000 0.000000 
0.000000 -0.000000 
0.000000 0.000000 
0.000000 0.000000 
0.000000 -0.000000 
0.000000 0.000000 
0.000000 -0.000000 
0.000000 0.000000 
0.000000 -0.000000 
0.000000 0.000000 
0.000000 -0.000000 
0.000000 0.000000 
0.000000 0.000000 
0.000000 0.000000 
0.000000 0.000000 
0.000000 0.000000 
0.000000 0.000000 
0.000000 0.000000 
0.000000 0.000000 
0.000000 0.000000 
0.000000 0.000000 
0.000000 0.000000 
0.000000 0.000000 
0.000000 0.000000 
0.000000 0.000000 
0.000000 0.000000 
0.000000 0.000000 
0.000000 0.000000 
0.000000 0.000000 
0.000000 0.000000 
0.000000 0.000000 
0.000000 0.000000 
0.000000 0.000000 
0.000000 0.000000 
0.000000 0.000000 
0.000000 0.000000 
0.000000 0.000000 
0.000000 0.000000 
0.000000 0.000000 
0.000000 0.000000 
0.000000 0.000000 
0.000000 0.000000 
0.000000 0.000000 
0.000000 0.000000 
0.000000 0.000000 
0.000000 0.000000 
0.000000 0.000000 
0.000000 0.000000 
0.000000 0.000000 
0.000000 0.000000 
0.000000 0.000000 
0.000000 0.000000 
0.000000 0.000000 
0.000000 0.000000 
0.000000 0.000000 
0.000000 0.000000 
0.000000 0.000000 
0.000000 0.000000 
0.000000 0.000000 
0.000000 0.000000 
0.000000 0.000000 
0.000000 0.000000 
0.000000 0.000000 
0.000000 0.000000 
0.000000 0.000000 
0.000000 0.000000 
0.000000 0.000000 
0.000000 0.000000 
0.000000 0.000000 
0.000000 0.000000 
0.000000 0.000000 
0.000000 0.000000 
0.000000 0.000000 
0.000000 0.000000 
0.000000 0.000000 
0.000000 0.000000 
0.000000 0.000000 
0.000000 0.000000 
0.000000 0.000000 
