    0.00000000000000
    0.00972439874319
    0.01972439874319
    0.02972439874319
    0.03972439874319
    0.04972439874319
    0.05972439874319
    0.06972439874319
    0.07972439874319
    0.08972439874319
    0.09972439874319
    0.10972439874319
    0.11972439874319
    0.12972439874319
    0.13972439874319
    0.14972439874319
    0.15972439874319
    0.16972439874319
    0.17972439874319
    0.18972439874319
    0.19972439874319
    0.20972439874319
    0.21972439874319
    0.22972439874319
    0.23972439874319
    0.24972439874319
    0.25972439874319
    0.26972439874319
    0.27972439874319
    0.28972439874319
    0.29972439874319
    0.30972439874319
    0.31972439874319
    0.32972439874319
    0.33972439874319
    0.34972439874319
    0.35972439874319
    0.36972439874319
    0.37972439874319
    0.38972439874319
    0.39972439874319
    0.40972439874319
    0.41972439874319
    0.42972439874319
    0.43972439874319
    0.44972439874319
    0.45972439874319
    0.46972439874319
    0.47972439874319
    0.48972439874319
    0.49972439874319
    0.50972439874318
    0.51972439874318
    0.52972439874318
    0.53972439874318
    0.54972439874318
    0.55972439874318
    0.56972439874318
    0.57972439874318
    0.58972439874318
    0.59972439874318
    0.60972439874318
    0.61972439874318
    0.62972439874318
    0.63972439874318
    0.64972439874318
    0.65972439874318
    0.66972439874318
    0.67972439874318
    0.68972439874318
    0.69972439874318
    0.70972439874318
    0.71972439874318
    0.72972439874318
    0.73972439874318
    0.74972439874318
    0.75972439874318
    0.76972439874318
    0.77972439874318
    0.78972439874318
    0.79972439874318
    0.80972439874318
    0.81972439874318
    0.82972439874318
    0.83972439874318
    0.84972439874318
    0.85972439874318
    0.86972439874318
    0.87972439874318
    0.88972439874318
    0.89972439874318
    0.90972439874318
    0.91972439874318
    0.92972439874318
    0.93972439874318
    0.94972439874318
    0.95972439874318
    0.96972439874318
    0.97972439874318
    0.98972439874318
    0.99972439874318
