    0.00000000000000
    0.00486219937159
    0.00986219937159
    0.01486219937159
    0.01986219937159
    0.02486219937159
    0.02986219937159
    0.03486219937159
    0.03986219937159
    0.04486219937159
    0.04986219937159
    0.05486219937159
    0.05986219937159
    0.06486219937159
    0.06986219937159
    0.07486219937159
    0.07986219937159
    0.08486219937159
    0.08986219937159
    0.09486219937159
    0.09986219937159
    0.10486219937159
    0.10986219937159
    0.11486219937159
    0.11986219937159
    0.12486219937159
    0.12986219937159
    0.13486219937159
    0.13986219937159
    0.14486219937159
    0.14986219937159
    0.15486219937159
    0.15986219937159
    0.16486219937159
    0.16986219937159
    0.17486219937159
    0.17986219937159
    0.18486219937159
    0.18986219937159
    0.19486219937159
    0.19986219937159
    0.20486219937159
    0.20986219937159
    0.21486219937159
    0.21986219937159
    0.22486219937159
    0.22986219937159
    0.23486219937159
    0.23986219937159
    0.24486219937159
    0.24986219937159
    0.25486219937159
    0.25986219937159
    0.26486219937159
    0.26986219937159
    0.27486219937159
    0.27986219937159
    0.28486219937159
    0.28986219937159
    0.29486219937159
    0.29986219937159
    0.30486219937159
    0.30986219937159
    0.31486219937159
    0.31986219937159
    0.32486219937159
    0.32986219937159
    0.33486219937159
    0.33986219937159
    0.34486219937159
    0.34986219937159
    0.35486219937159
    0.35986219937159
    0.36486219937159
    0.36986219937159
    0.37486219937159
    0.37986219937159
    0.38486219937159
    0.38986219937159
    0.39486219937159
    0.39986219937159
    0.40486219937159
    0.40986219937159
    0.41486219937159
    0.41986219937159
    0.42486219937159
    0.42986219937159
    0.43486219937159
    0.43986219937159
    0.44486219937159
    0.44986219937159
    0.45486219937159
    0.45986219937159
    0.46486219937159
    0.46986219937159
    0.47486219937159
    0.47986219937159
    0.48486219937159
    0.48986219937159
    0.49486219937159
    0.49986219937159
    0.50486219937159
    0.50986219937159
    0.51486219937159
    0.51986219937159
    0.52486219937159
    0.52986219937159
    0.53486219937159
    0.53986219937159
    0.54486219937159
    0.54986219937159
    0.55486219937159
    0.55986219937159
    0.56486219937159
    0.56986219937159
    0.57486219937159
    0.57986219937159
    0.58486219937159
    0.58986219937159
    0.59486219937159
    0.59986219937159
    0.60486219937159
    0.60986219937159
    0.61486219937159
    0.61986219937159
    0.62486219937159
    0.62986219937159
    0.63486219937159
    0.63986219937159
    0.64486219937159
    0.64986219937159
    0.65486219937159
    0.65986219937159
    0.66486219937159
    0.66986219937159
    0.67486219937159
    0.67986219937159
    0.68486219937159
    0.68986219937159
    0.69486219937159
    0.69986219937159
    0.70486219937159
    0.70986219937159
    0.71486219937159
    0.71986219937159
    0.72486219937159
    0.72986219937159
    0.73486219937159
    0.73986219937159
    0.74486219937159
    0.74986219937159
    0.75486219937159
    0.75986219937159
    0.76486219937159
    0.76986219937159
    0.77486219937159
    0.77986219937159
    0.78486219937159
    0.78986219937159
    0.79486219937159
    0.79986219937159
    0.80486219937159
    0.80986219937159
    0.81486219937159
    0.81986219937159
    0.82486219937159
    0.82986219937159
    0.83486219937159
    0.83986219937159
    0.84486219937159
    0.84986219937159
    0.85486219937159
    0.85986219937159
    0.86486219937159
    0.86986219937159
    0.87486219937159
    0.87986219937159
    0.88486219937159
    0.88986219937159
    0.89486219937159
    0.89986219937159
    0.90486219937159
    0.90986219937159
    0.91486219937159
    0.91986219937159
    0.92486219937159
    0.92986219937159
    0.93486219937159
    0.93986219937159
    0.94486219937159
    0.94986219937159
    0.95486219937159
    0.95986219937159
    0.96486219937159
    0.96986219937159
    0.97486219937159
    0.97986219937159
    0.98486219937159
    0.98986219937159
    0.99486219937159
    0.99986219937159
