    0.00000000000000
    0.00494902436037
    0.00994902436037
    0.01494902436037
    0.01994902436037
    0.02494902436037
    0.02994902436037
    0.03494902436037
    0.03994902436037
    0.04494902436037
    0.04994902436037
    0.05494902436037
    0.05994902436037
    0.06494902436037
    0.06994902436037
    0.07494902436037
    0.07994902436037
    0.08494902436037
    0.08994902436037
    0.09494902436037
    0.09994902436037
    0.10494902436037
    0.10994902436037
    0.11494902436037
    0.11994902436037
    0.12494902436037
    0.12994902436037
    0.13494902436037
    0.13994902436037
    0.14494902436037
    0.14994902436037
    0.15494902436037
    0.15994902436037
    0.16494902436037
    0.16994902436037
    0.17494902436037
    0.17994902436037
    0.18494902436037
    0.18994902436037
    0.19494902436037
    0.19994902436037
    0.20494902436037
    0.20994902436037
    0.21494902436037
    0.21994902436037
    0.22494902436037
    0.22994902436037
    0.23494902436037
    0.23994902436037
    0.24494902436037
    0.24994902436037
    0.25494902436037
    0.25994902436037
    0.26494902436037
    0.26994902436037
    0.27494902436037
    0.27994902436037
    0.28494902436037
    0.28994902436037
    0.29494902436037
    0.29994902436037
    0.30494902436037
    0.30994902436037
    0.31494902436037
    0.31994902436037
    0.32494902436037
    0.32994902436037
    0.33494902436037
    0.33994902436037
    0.34494902436037
    0.34994902436037
    0.35494902436037
    0.35994902436037
    0.36494902436037
    0.36994902436037
    0.37494902436037
    0.37994902436037
    0.38494902436037
    0.38994902436037
    0.39494902436037
    0.39994902436037
    0.40494902436037
    0.40994902436037
    0.41494902436037
    0.41994902436037
    0.42494902436037
    0.42994902436037
    0.43494902436037
    0.43994902436037
    0.44494902436037
    0.44994902436037
    0.45494902436037
    0.45994902436037
    0.46494902436037
    0.46994902436037
    0.47494902436037
    0.47994902436037
    0.48494902436037
    0.48994902436037
    0.49494902436037
    0.49994902436037
    0.50494902436037
    0.50994902436037
    0.51494902436037
    0.51994902436037
    0.52494902436037
    0.52994902436037
    0.53494902436037
    0.53994902436037
    0.54494902436037
    0.54994902436037
    0.55494902436037
    0.55994902436037
    0.56494902436037
    0.56994902436037
    0.57494902436037
    0.57994902436037
    0.58494902436037
    0.58994902436037
    0.59494902436037
    0.59994902436037
    0.60494902436037
    0.60994902436037
    0.61494902436037
    0.61994902436037
    0.62494902436037
    0.62994902436037
    0.63494902436037
    0.63994902436037
    0.64494902436037
    0.64994902436037
    0.65494902436037
    0.65994902436037
    0.66494902436037
    0.66994902436037
    0.67494902436037
    0.67994902436037
    0.68494902436037
    0.68994902436037
    0.69494902436037
    0.69994902436037
    0.70494902436037
    0.70994902436037
    0.71494902436037
    0.71994902436037
    0.72494902436037
    0.72994902436037
    0.73494902436037
    0.73994902436037
    0.74494902436037
    0.74994902436037
    0.75494902436037
    0.75994902436037
    0.76494902436037
    0.76994902436037
    0.77494902436037
    0.77994902436037
    0.78494902436037
    0.78994902436037
    0.79494902436037
    0.79994902436037
    0.80494902436037
    0.80994902436037
    0.81494902436037
    0.81994902436037
    0.82494902436037
    0.82994902436037
    0.83494902436037
    0.83994902436037
    0.84494902436037
    0.84994902436037
    0.85494902436037
    0.85994902436037
    0.86494902436037
    0.86994902436037
    0.87494902436037
    0.87994902436037
    0.88494902436037
    0.88994902436037
    0.89494902436037
    0.89994902436037
    0.90494902436037
    0.90994902436037
    0.91494902436037
    0.91994902436037
    0.92494902436037
    0.92994902436037
    0.93494902436037
    0.93994902436037
    0.94494902436037
    0.94994902436037
    0.95494902436037
    0.95994902436037
    0.96494902436037
    0.96994902436037
    0.97494902436037
    0.97994902436037
    0.98494902436037
    0.98994902436037
    0.99494902436037
    0.99994902436037
