    0.00000000000000
    0.00247918351342
    0.00497918351342
    0.00747918351342
    0.00997918351342
    0.01247918351342
    0.01497918351342
    0.01747918351342
    0.01997918351342
    0.02247918351342
    0.02497918351342
    0.02747918351342
    0.02997918351342
    0.03247918351342
    0.03497918351342
    0.03747918351342
    0.03997918351342
    0.04247918351342
    0.04497918351342
    0.04747918351342
    0.04997918351342
    0.05247918351342
    0.05497918351342
    0.05747918351342
    0.05997918351342
    0.06247918351342
    0.06497918351342
    0.06747918351342
    0.06997918351342
    0.07247918351342
    0.07497918351342
    0.07747918351342
    0.07997918351342
    0.08247918351342
    0.08497918351342
    0.08747918351342
    0.08997918351342
    0.09247918351342
    0.09497918351342
    0.09747918351342
    0.09997918351342
    0.10247918351342
    0.10497918351342
    0.10747918351342
    0.10997918351342
    0.11247918351342
    0.11497918351342
    0.11747918351342
    0.11997918351342
    0.12247918351342
    0.12497918351342
    0.12747918351342
    0.12997918351342
    0.13247918351342
    0.13497918351342
    0.13747918351342
    0.13997918351342
    0.14247918351342
    0.14497918351342
    0.14747918351342
    0.14997918351342
    0.15247918351342
    0.15497918351342
    0.15747918351342
    0.15997918351342
    0.16247918351342
    0.16497918351342
    0.16747918351342
    0.16997918351342
    0.17247918351342
    0.17497918351342
    0.17747918351342
    0.17997918351342
    0.18247918351342
    0.18497918351342
    0.18747918351342
    0.18997918351342
    0.19247918351342
    0.19497918351342
    0.19747918351342
    0.19997918351342
    0.20247918351342
    0.20497918351342
    0.20747918351342
    0.20997918351342
    0.21247918351342
    0.21497918351342
    0.21747918351342
    0.21997918351342
    0.22247918351342
    0.22497918351342
    0.22747918351342
    0.22997918351342
    0.23247918351342
    0.23497918351342
    0.23747918351342
    0.23997918351342
    0.24247918351342
    0.24497918351342
    0.24747918351342
    0.24997918351342
    0.25247918351342
    0.25497918351342
    0.25747918351342
    0.25997918351342
    0.26247918351342
    0.26497918351342
    0.26747918351342
    0.26997918351342
    0.27247918351342
    0.27497918351342
    0.27747918351342
    0.27997918351342
    0.28247918351342
    0.28497918351342
    0.28747918351342
    0.28997918351342
    0.29247918351342
    0.29497918351342
    0.29747918351342
    0.29997918351342
    0.30247918351342
    0.30497918351342
    0.30747918351342
    0.30997918351342
    0.31247918351342
    0.31497918351342
    0.31747918351342
    0.31997918351342
    0.32247918351342
    0.32497918351342
    0.32747918351342
    0.32997918351342
    0.33247918351342
    0.33497918351342
    0.33747918351342
    0.33997918351342
    0.34247918351342
    0.34497918351342
    0.34747918351342
    0.34997918351342
    0.35247918351342
    0.35497918351342
    0.35747918351342
    0.35997918351342
    0.36247918351342
    0.36497918351342
    0.36747918351342
    0.36997918351342
    0.37247918351342
    0.37497918351342
    0.37747918351342
    0.37997918351342
    0.38247918351342
    0.38497918351342
    0.38747918351342
    0.38997918351342
    0.39247918351342
    0.39497918351342
    0.39747918351342
    0.39997918351342
    0.40247918351342
    0.40497918351342
    0.40747918351342
    0.40997918351342
    0.41247918351342
    0.41497918351342
    0.41747918351342
    0.41997918351342
    0.42247918351342
    0.42497918351342
    0.42747918351342
    0.42997918351342
    0.43247918351342
    0.43497918351342
    0.43747918351342
    0.43997918351342
    0.44247918351342
    0.44497918351342
    0.44747918351342
    0.44997918351342
    0.45247918351342
    0.45497918351342
    0.45747918351342
    0.45997918351342
    0.46247918351342
    0.46497918351342
    0.46747918351342
    0.46997918351342
    0.47247918351342
    0.47497918351342
    0.47747918351342
    0.47997918351342
    0.48247918351342
    0.48497918351342
    0.48747918351342
    0.48997918351342
    0.49247918351342
    0.49497918351342
    0.49747918351342
    0.49997918351342
    0.50247918351342
    0.50497918351342
    0.50747918351342
    0.50997918351342
    0.51247918351342
    0.51497918351342
    0.51747918351342
    0.51997918351342
    0.52247918351342
    0.52497918351342
    0.52747918351342
    0.52997918351342
    0.53247918351342
    0.53497918351342
    0.53747918351342
    0.53997918351342
    0.54247918351342
    0.54497918351342
    0.54747918351342
    0.54997918351342
    0.55247918351342
    0.55497918351342
    0.55747918351342
    0.55997918351342
    0.56247918351342
    0.56497918351342
    0.56747918351342
    0.56997918351342
    0.57247918351342
    0.57497918351342
    0.57747918351342
    0.57997918351342
    0.58247918351342
    0.58497918351342
    0.58747918351342
    0.58997918351342
    0.59247918351342
    0.59497918351342
    0.59747918351342
    0.59997918351342
    0.60247918351342
    0.60497918351342
    0.60747918351342
    0.60997918351342
    0.61247918351342
    0.61497918351342
    0.61747918351342
    0.61997918351342
    0.62247918351342
    0.62497918351342
    0.62747918351342
    0.62997918351342
    0.63247918351342
    0.63497918351342
    0.63747918351342
    0.63997918351342
    0.64247918351342
    0.64497918351342
    0.64747918351342
    0.64997918351342
    0.65247918351342
    0.65497918351342
    0.65747918351342
    0.65997918351342
    0.66247918351342
    0.66497918351342
    0.66747918351342
    0.66997918351342
    0.67247918351342
    0.67497918351342
    0.67747918351342
    0.67997918351342
    0.68247918351342
    0.68497918351342
    0.68747918351342
    0.68997918351342
    0.69247918351342
    0.69497918351342
    0.69747918351342
    0.69997918351342
    0.70247918351342
    0.70497918351342
    0.70747918351342
    0.70997918351342
    0.71247918351342
    0.71497918351342
    0.71747918351342
    0.71997918351342
    0.72247918351342
    0.72497918351342
    0.72747918351342
    0.72997918351342
    0.73247918351342
    0.73497918351342
    0.73747918351342
    0.73997918351342
    0.74247918351342
    0.74497918351342
    0.74747918351342
    0.74997918351342
    0.75247918351342
    0.75497918351342
    0.75747918351342
    0.75997918351342
    0.76247918351342
    0.76497918351342
    0.76747918351342
    0.76997918351342
    0.77247918351342
    0.77497918351342
    0.77747918351342
    0.77997918351342
    0.78247918351342
    0.78497918351342
    0.78747918351342
    0.78997918351342
    0.79247918351342
    0.79497918351342
    0.79747918351342
    0.79997918351342
    0.80247918351342
    0.80497918351342
    0.80747918351342
    0.80997918351342
    0.81247918351342
    0.81497918351342
    0.81747918351342
    0.81997918351342
    0.82247918351342
    0.82497918351342
    0.82747918351342
    0.82997918351342
    0.83247918351342
    0.83497918351342
    0.83747918351342
    0.83997918351342
    0.84247918351342
    0.84497918351342
    0.84747918351342
    0.84997918351342
    0.85247918351342
    0.85497918351342
    0.85747918351342
    0.85997918351342
    0.86247918351342
    0.86497918351342
    0.86747918351342
    0.86997918351342
    0.87247918351342
    0.87497918351342
    0.87747918351342
    0.87997918351342
    0.88247918351342
    0.88497918351342
    0.88747918351342
    0.88997918351342
    0.89247918351342
    0.89497918351342
    0.89747918351342
    0.89997918351342
    0.90247918351342
    0.90497918351342
    0.90747918351342
    0.90997918351342
    0.91247918351342
    0.91497918351342
    0.91747918351342
    0.91997918351342
    0.92247918351342
    0.92497918351342
    0.92747918351342
    0.92997918351342
    0.93247918351342
    0.93497918351342
    0.93747918351342
    0.93997918351342
    0.94247918351342
    0.94497918351342
    0.94747918351342
    0.94997918351342
    0.95247918351342
    0.95497918351342
    0.95747918351342
    0.95997918351342
    0.96247918351342
    0.96497918351342
    0.96747918351342
    0.96997918351342
    0.97247918351342
    0.97497918351342
    0.97747918351342
    0.97997918351342
    0.98247918351342
    0.98497918351342
    0.98747918351342
    0.98997918351342
    0.99247918351342
    0.99497918351342
    0.99747918351342
    0.99997918351342
