    0.00000000000000
    0.00124262302426
    0.00249262302426
    0.00374262302426
    0.00499262302426
    0.00624262302426
    0.00749262302426
    0.00874262302426
    0.00999262302426
    0.01124262302426
    0.01249262302426
    0.01374262302426
    0.01499262302426
    0.01624262302426
    0.01749262302426
    0.01874262302426
    0.01999262302426
    0.02124262302426
    0.02249262302426
    0.02374262302426
    0.02499262302426
    0.02624262302426
    0.02749262302426
    0.02874262302426
    0.02999262302426
    0.03124262302426
    0.03249262302426
    0.03374262302426
    0.03499262302426
    0.03624262302426
    0.03749262302426
    0.03874262302426
    0.03999262302426
    0.04124262302426
    0.04249262302426
    0.04374262302426
    0.04499262302426
    0.04624262302426
    0.04749262302426
    0.04874262302426
    0.04999262302426
    0.05124262302426
    0.05249262302426
    0.05374262302426
    0.05499262302426
    0.05624262302426
    0.05749262302426
    0.05874262302426
    0.05999262302426
    0.06124262302426
    0.06249262302426
    0.06374262302426
    0.06499262302426
    0.06624262302426
    0.06749262302426
    0.06874262302426
    0.06999262302426
    0.07124262302426
    0.07249262302426
    0.07374262302426
    0.07499262302426
    0.07624262302426
    0.07749262302426
    0.07874262302426
    0.07999262302426
    0.08124262302426
    0.08249262302426
    0.08374262302426
    0.08499262302426
    0.08624262302426
    0.08749262302426
    0.08874262302426
    0.08999262302426
    0.09124262302426
    0.09249262302426
    0.09374262302426
    0.09499262302426
    0.09624262302426
    0.09749262302426
    0.09874262302426
    0.09999262302426
    0.10124262302426
    0.10249262302426
    0.10374262302426
    0.10499262302426
    0.10624262302426
    0.10749262302426
    0.10874262302426
    0.10999262302426
    0.11124262302426
    0.11249262302426
    0.11374262302426
    0.11499262302426
    0.11624262302426
    0.11749262302426
    0.11874262302426
    0.11999262302426
    0.12124262302426
    0.12249262302426
    0.12374262302426
    0.12499262302426
    0.12624262302426
    0.12749262302426
    0.12874262302426
    0.12999262302426
    0.13124262302426
    0.13249262302426
    0.13374262302426
    0.13499262302426
    0.13624262302426
    0.13749262302426
    0.13874262302426
    0.13999262302426
    0.14124262302426
    0.14249262302426
    0.14374262302426
    0.14499262302426
    0.14624262302426
    0.14749262302426
    0.14874262302426
    0.14999262302426
    0.15124262302426
    0.15249262302426
    0.15374262302426
    0.15499262302426
    0.15624262302426
    0.15749262302426
    0.15874262302426
    0.15999262302426
    0.16124262302426
    0.16249262302426
    0.16374262302426
    0.16499262302426
    0.16624262302426
    0.16749262302426
    0.16874262302426
    0.16999262302426
    0.17124262302426
    0.17249262302426
    0.17374262302426
    0.17499262302426
    0.17624262302426
    0.17749262302426
    0.17874262302426
    0.17999262302426
    0.18124262302426
    0.18249262302426
    0.18374262302426
    0.18499262302426
    0.18624262302426
    0.18749262302426
    0.18874262302426
    0.18999262302426
    0.19124262302426
    0.19249262302426
    0.19374262302426
    0.19499262302426
    0.19624262302426
    0.19749262302426
    0.19874262302426
    0.19999262302426
    0.20124262302426
    0.20249262302426
    0.20374262302426
    0.20499262302426
    0.20624262302426
    0.20749262302426
    0.20874262302426
    0.20999262302426
    0.21124262302426
    0.21249262302426
    0.21374262302426
    0.21499262302426
    0.21624262302426
    0.21749262302426
    0.21874262302426
    0.21999262302426
    0.22124262302426
    0.22249262302426
    0.22374262302426
    0.22499262302426
    0.22624262302426
    0.22749262302426
    0.22874262302426
    0.22999262302426
    0.23124262302426
    0.23249262302426
    0.23374262302426
    0.23499262302426
    0.23624262302426
    0.23749262302426
    0.23874262302426
    0.23999262302426
    0.24124262302426
    0.24249262302426
    0.24374262302426
    0.24499262302426
    0.24624262302426
    0.24749262302426
    0.24874262302426
    0.24999262302426
    0.25124262302426
    0.25249262302426
    0.25374262302426
    0.25499262302426
    0.25624262302426
    0.25749262302426
    0.25874262302426
    0.25999262302426
    0.26124262302426
    0.26249262302426
    0.26374262302426
    0.26499262302426
    0.26624262302426
    0.26749262302426
    0.26874262302426
    0.26999262302426
    0.27124262302426
    0.27249262302426
    0.27374262302426
    0.27499262302426
    0.27624262302426
    0.27749262302426
    0.27874262302426
    0.27999262302426
    0.28124262302426
    0.28249262302426
    0.28374262302426
    0.28499262302426
    0.28624262302426
    0.28749262302426
    0.28874262302426
    0.28999262302426
    0.29124262302426
    0.29249262302426
    0.29374262302426
    0.29499262302426
    0.29624262302426
    0.29749262302426
    0.29874262302426
    0.29999262302426
    0.30124262302426
    0.30249262302426
    0.30374262302426
    0.30499262302426
    0.30624262302426
    0.30749262302426
    0.30874262302426
    0.30999262302426
    0.31124262302426
    0.31249262302426
    0.31374262302426
    0.31499262302426
    0.31624262302426
    0.31749262302426
    0.31874262302426
    0.31999262302426
    0.32124262302426
    0.32249262302426
    0.32374262302426
    0.32499262302426
    0.32624262302426
    0.32749262302426
    0.32874262302426
    0.32999262302426
    0.33124262302426
    0.33249262302426
    0.33374262302426
    0.33499262302426
    0.33624262302426
    0.33749262302426
    0.33874262302426
    0.33999262302426
    0.34124262302426
    0.34249262302426
    0.34374262302426
    0.34499262302426
    0.34624262302426
    0.34749262302426
    0.34874262302426
    0.34999262302426
    0.35124262302426
    0.35249262302426
    0.35374262302426
    0.35499262302426
    0.35624262302426
    0.35749262302426
    0.35874262302426
    0.35999262302426
    0.36124262302426
    0.36249262302426
    0.36374262302426
    0.36499262302426
    0.36624262302426
    0.36749262302426
    0.36874262302426
    0.36999262302426
    0.37124262302426
    0.37249262302426
    0.37374262302426
    0.37499262302426
    0.37624262302426
    0.37749262302426
    0.37874262302426
    0.37999262302426
    0.38124262302426
    0.38249262302426
    0.38374262302426
    0.38499262302426
    0.38624262302426
    0.38749262302426
    0.38874262302426
    0.38999262302426
    0.39124262302426
    0.39249262302426
    0.39374262302426
    0.39499262302426
    0.39624262302426
    0.39749262302426
    0.39874262302426
    0.39999262302426
    0.40124262302426
    0.40249262302426
    0.40374262302426
    0.40499262302426
    0.40624262302426
    0.40749262302426
    0.40874262302426
    0.40999262302426
    0.41124262302426
    0.41249262302426
    0.41374262302426
    0.41499262302426
    0.41624262302426
    0.41749262302426
    0.41874262302426
    0.41999262302426
    0.42124262302426
    0.42249262302426
    0.42374262302426
    0.42499262302426
    0.42624262302426
    0.42749262302426
    0.42874262302426
    0.42999262302426
    0.43124262302426
    0.43249262302426
    0.43374262302426
    0.43499262302426
    0.43624262302426
    0.43749262302426
    0.43874262302426
    0.43999262302426
    0.44124262302426
    0.44249262302426
    0.44374262302426
    0.44499262302426
    0.44624262302426
    0.44749262302426
    0.44874262302426
    0.44999262302426
    0.45124262302426
    0.45249262302426
    0.45374262302426
    0.45499262302426
    0.45624262302426
    0.45749262302426
    0.45874262302426
    0.45999262302426
    0.46124262302426
    0.46249262302426
    0.46374262302426
    0.46499262302426
    0.46624262302426
    0.46749262302426
    0.46874262302426
    0.46999262302426
    0.47124262302426
    0.47249262302426
    0.47374262302426
    0.47499262302426
    0.47624262302426
    0.47749262302426
    0.47874262302426
    0.47999262302426
    0.48124262302426
    0.48249262302426
    0.48374262302426
    0.48499262302426
    0.48624262302426
    0.48749262302426
    0.48874262302426
    0.48999262302426
    0.49124262302426
    0.49249262302426
    0.49374262302426
    0.49499262302426
    0.49624262302426
    0.49749262302426
    0.49874262302426
    0.49999262302426
    0.50124262302426
    0.50249262302426
    0.50374262302426
    0.50499262302426
    0.50624262302426
    0.50749262302426
    0.50874262302426
    0.50999262302426
    0.51124262302426
    0.51249262302426
    0.51374262302426
    0.51499262302426
    0.51624262302426
    0.51749262302426
    0.51874262302426
    0.51999262302426
    0.52124262302426
    0.52249262302426
    0.52374262302426
    0.52499262302426
    0.52624262302426
    0.52749262302426
    0.52874262302426
    0.52999262302426
    0.53124262302426
    0.53249262302426
    0.53374262302426
    0.53499262302426
    0.53624262302426
    0.53749262302426
    0.53874262302426
    0.53999262302426
    0.54124262302426
    0.54249262302426
    0.54374262302426
    0.54499262302426
    0.54624262302426
    0.54749262302426
    0.54874262302426
    0.54999262302426
    0.55124262302426
    0.55249262302426
    0.55374262302426
    0.55499262302426
    0.55624262302426
    0.55749262302426
    0.55874262302426
    0.55999262302426
    0.56124262302426
    0.56249262302426
    0.56374262302426
    0.56499262302426
    0.56624262302426
    0.56749262302426
    0.56874262302426
    0.56999262302426
    0.57124262302426
    0.57249262302426
    0.57374262302426
    0.57499262302426
    0.57624262302426
    0.57749262302426
    0.57874262302426
    0.57999262302426
    0.58124262302426
    0.58249262302426
    0.58374262302426
    0.58499262302426
    0.58624262302426
    0.58749262302426
    0.58874262302426
    0.58999262302426
    0.59124262302426
    0.59249262302426
    0.59374262302426
    0.59499262302426
    0.59624262302426
    0.59749262302426
    0.59874262302426
    0.59999262302426
    0.60124262302426
    0.60249262302426
    0.60374262302426
    0.60499262302426
    0.60624262302426
    0.60749262302426
    0.60874262302426
    0.60999262302426
    0.61124262302426
    0.61249262302426
    0.61374262302426
    0.61499262302426
    0.61624262302426
    0.61749262302426
    0.61874262302426
    0.61999262302426
    0.62124262302426
    0.62249262302426
    0.62374262302426
    0.62499262302426
    0.62624262302426
    0.62749262302426
    0.62874262302426
    0.62999262302426
    0.63124262302426
    0.63249262302426
    0.63374262302426
    0.63499262302426
    0.63624262302426
    0.63749262302426
    0.63874262302426
    0.63999262302426
    0.64124262302426
    0.64249262302426
    0.64374262302426
    0.64499262302426
    0.64624262302426
    0.64749262302426
    0.64874262302426
    0.64999262302426
    0.65124262302426
    0.65249262302426
    0.65374262302426
    0.65499262302426
    0.65624262302426
    0.65749262302426
    0.65874262302426
    0.65999262302426
    0.66124262302426
    0.66249262302426
    0.66374262302426
    0.66499262302426
    0.66624262302426
    0.66749262302426
    0.66874262302426
    0.66999262302426
    0.67124262302426
    0.67249262302426
    0.67374262302426
    0.67499262302426
    0.67624262302426
    0.67749262302426
    0.67874262302426
    0.67999262302426
    0.68124262302426
    0.68249262302426
    0.68374262302426
    0.68499262302426
    0.68624262302426
    0.68749262302426
    0.68874262302426
    0.68999262302426
    0.69124262302426
    0.69249262302426
    0.69374262302426
    0.69499262302426
    0.69624262302426
    0.69749262302426
    0.69874262302426
    0.69999262302426
    0.70124262302426
    0.70249262302426
    0.70374262302426
    0.70499262302426
    0.70624262302426
    0.70749262302426
    0.70874262302426
    0.70999262302426
    0.71124262302426
    0.71249262302426
    0.71374262302426
    0.71499262302426
    0.71624262302426
    0.71749262302426
    0.71874262302426
    0.71999262302426
    0.72124262302426
    0.72249262302426
    0.72374262302426
    0.72499262302426
    0.72624262302426
    0.72749262302426
    0.72874262302426
    0.72999262302426
    0.73124262302426
    0.73249262302426
    0.73374262302426
    0.73499262302426
    0.73624262302426
    0.73749262302426
    0.73874262302426
    0.73999262302426
    0.74124262302426
    0.74249262302426
    0.74374262302426
    0.74499262302426
    0.74624262302426
    0.74749262302426
    0.74874262302426
    0.74999262302426
    0.75124262302426
    0.75249262302426
    0.75374262302426
    0.75499262302426
    0.75624262302426
    0.75749262302426
    0.75874262302426
    0.75999262302426
    0.76124262302426
    0.76249262302426
    0.76374262302426
    0.76499262302426
    0.76624262302426
    0.76749262302426
    0.76874262302426
    0.76999262302426
    0.77124262302426
    0.77249262302426
    0.77374262302426
    0.77499262302426
    0.77624262302426
    0.77749262302426
    0.77874262302426
    0.77999262302426
    0.78124262302426
    0.78249262302426
    0.78374262302426
    0.78499262302426
    0.78624262302426
    0.78749262302426
    0.78874262302426
    0.78999262302426
    0.79124262302426
    0.79249262302426
    0.79374262302426
    0.79499262302426
    0.79624262302426
    0.79749262302426
    0.79874262302426
    0.79999262302426
    0.80124262302426
    0.80249262302426
    0.80374262302426
    0.80499262302426
    0.80624262302426
    0.80749262302426
    0.80874262302426
    0.80999262302426
    0.81124262302426
    0.81249262302426
    0.81374262302426
    0.81499262302426
    0.81624262302426
    0.81749262302426
    0.81874262302426
    0.81999262302426
    0.82124262302426
    0.82249262302426
    0.82374262302426
    0.82499262302426
    0.82624262302426
    0.82749262302426
    0.82874262302426
    0.82999262302426
    0.83124262302426
    0.83249262302426
    0.83374262302426
    0.83499262302426
    0.83624262302426
    0.83749262302426
    0.83874262302426
    0.83999262302426
    0.84124262302426
    0.84249262302426
    0.84374262302426
    0.84499262302426
    0.84624262302426
    0.84749262302426
    0.84874262302426
    0.84999262302426
    0.85124262302426
    0.85249262302426
    0.85374262302426
    0.85499262302426
    0.85624262302426
    0.85749262302426
    0.85874262302426
    0.85999262302426
    0.86124262302426
    0.86249262302426
    0.86374262302426
    0.86499262302426
    0.86624262302426
    0.86749262302426
    0.86874262302426
    0.86999262302426
    0.87124262302426
    0.87249262302426
    0.87374262302426
    0.87499262302426
    0.87624262302426
    0.87749262302426
    0.87874262302426
    0.87999262302426
    0.88124262302426
    0.88249262302426
    0.88374262302426
    0.88499262302426
    0.88624262302426
    0.88749262302426
    0.88874262302426
    0.88999262302426
    0.89124262302426
    0.89249262302426
    0.89374262302426
    0.89499262302426
    0.89624262302426
    0.89749262302426
    0.89874262302426
    0.89999262302426
    0.90124262302426
    0.90249262302426
    0.90374262302426
    0.90499262302426
    0.90624262302426
    0.90749262302426
    0.90874262302426
    0.90999262302426
    0.91124262302426
    0.91249262302426
    0.91374262302426
    0.91499262302426
    0.91624262302426
    0.91749262302426
    0.91874262302426
    0.91999262302426
    0.92124262302426
    0.92249262302426
    0.92374262302426
    0.92499262302426
    0.92624262302426
    0.92749262302426
    0.92874262302426
    0.92999262302426
    0.93124262302426
    0.93249262302426
    0.93374262302426
    0.93499262302426
    0.93624262302426
    0.93749262302426
    0.93874262302426
    0.93999262302426
    0.94124262302426
    0.94249262302426
    0.94374262302426
    0.94499262302426
    0.94624262302426
    0.94749262302426
    0.94874262302426
    0.94999262302426
    0.95124262302426
    0.95249262302426
    0.95374262302426
    0.95499262302426
    0.95624262302426
    0.95749262302426
    0.95874262302426
    0.95999262302426
    0.96124262302426
    0.96249262302426
    0.96374262302426
    0.96499262302426
    0.96624262302426
    0.96749262302426
    0.96874262302426
    0.96999262302426
    0.97124262302426
    0.97249262302426
    0.97374262302426
    0.97499262302426
    0.97624262302426
    0.97749262302426
    0.97874262302426
    0.97999262302426
    0.98124262302426
    0.98249262302426
    0.98374262302426
    0.98499262302426
    0.98624262302426
    0.98749262302426
    0.98874262302426
    0.98999262302426
    0.99124262302426
    0.99249262302426
    0.99374262302426
    0.99499262302426
    0.99624262302426
    0.99749262302426
    0.99874262302426
    0.99999262302426
