    0.00000000000000
    0.00124478410778
    0.00249478410778
    0.00374478410778
    0.00499478410778
    0.00624478410778
    0.00749478410778
    0.00874478410778
    0.00999478410778
    0.01124478410778
    0.01249478410778
    0.01374478410778
    0.01499478410778
    0.01624478410778
    0.01749478410778
    0.01874478410778
    0.01999478410778
    0.02124478410778
    0.02249478410778
    0.02374478410778
    0.02499478410778
    0.02624478410778
    0.02749478410778
    0.02874478410778
    0.02999478410778
    0.03124478410778
    0.03249478410778
    0.03374478410778
    0.03499478410778
    0.03624478410778
    0.03749478410778
    0.03874478410778
    0.03999478410778
    0.04124478410778
    0.04249478410778
    0.04374478410778
    0.04499478410778
    0.04624478410778
    0.04749478410778
    0.04874478410778
    0.04999478410778
    0.05124478410778
    0.05249478410778
    0.05374478410778
    0.05499478410778
    0.05624478410778
    0.05749478410778
    0.05874478410778
    0.05999478410778
    0.06124478410778
    0.06249478410778
    0.06374478410778
    0.06499478410778
    0.06624478410778
    0.06749478410778
    0.06874478410778
    0.06999478410778
    0.07124478410778
    0.07249478410778
    0.07374478410778
    0.07499478410778
    0.07624478410778
    0.07749478410778
    0.07874478410778
    0.07999478410778
    0.08124478410778
    0.08249478410778
    0.08374478410778
    0.08499478410778
    0.08624478410778
    0.08749478410778
    0.08874478410778
    0.08999478410778
    0.09124478410778
    0.09249478410778
    0.09374478410778
    0.09499478410778
    0.09624478410778
    0.09749478410778
    0.09874478410778
    0.09999478410778
    0.10124478410778
    0.10249478410778
    0.10374478410778
    0.10499478410778
    0.10624478410778
    0.10749478410778
    0.10874478410778
    0.10999478410778
    0.11124478410778
    0.11249478410778
    0.11374478410778
    0.11499478410778
    0.11624478410778
    0.11749478410778
    0.11874478410778
    0.11999478410778
    0.12124478410778
    0.12249478410778
    0.12374478410778
    0.12499478410778
    0.12624478410778
    0.12749478410778
    0.12874478410778
    0.12999478410778
    0.13124478410778
    0.13249478410778
    0.13374478410778
    0.13499478410778
    0.13624478410778
    0.13749478410778
    0.13874478410778
    0.13999478410778
    0.14124478410778
    0.14249478410778
    0.14374478410778
    0.14499478410778
    0.14624478410778
    0.14749478410778
    0.14874478410778
    0.14999478410778
    0.15124478410778
    0.15249478410778
    0.15374478410778
    0.15499478410778
    0.15624478410778
    0.15749478410778
    0.15874478410778
    0.15999478410778
    0.16124478410778
    0.16249478410778
    0.16374478410778
    0.16499478410778
    0.16624478410778
    0.16749478410778
    0.16874478410778
    0.16999478410778
    0.17124478410778
    0.17249478410778
    0.17374478410778
    0.17499478410778
    0.17624478410778
    0.17749478410778
    0.17874478410778
    0.17999478410778
    0.18124478410778
    0.18249478410778
    0.18374478410778
    0.18499478410778
    0.18624478410778
    0.18749478410778
    0.18874478410778
    0.18999478410778
    0.19124478410778
    0.19249478410778
    0.19374478410778
    0.19499478410778
    0.19624478410778
    0.19749478410778
    0.19874478410778
    0.19999478410778
    0.20124478410778
    0.20249478410778
    0.20374478410778
    0.20499478410778
    0.20624478410778
    0.20749478410778
    0.20874478410778
    0.20999478410778
    0.21124478410778
    0.21249478410778
    0.21374478410778
    0.21499478410778
    0.21624478410778
    0.21749478410778
    0.21874478410778
    0.21999478410778
    0.22124478410778
    0.22249478410778
    0.22374478410778
    0.22499478410778
    0.22624478410778
    0.22749478410778
    0.22874478410778
    0.22999478410778
    0.23124478410778
    0.23249478410778
    0.23374478410778
    0.23499478410778
    0.23624478410778
    0.23749478410778
    0.23874478410778
    0.23999478410778
    0.24124478410778
    0.24249478410778
    0.24374478410778
    0.24499478410778
    0.24624478410778
    0.24749478410778
    0.24874478410778
    0.24999478410778
    0.25124478410778
    0.25249478410778
    0.25374478410778
    0.25499478410778
    0.25624478410778
    0.25749478410778
    0.25874478410778
    0.25999478410778
    0.26124478410778
    0.26249478410778
    0.26374478410778
    0.26499478410778
    0.26624478410778
    0.26749478410778
    0.26874478410778
    0.26999478410778
    0.27124478410778
    0.27249478410778
    0.27374478410778
    0.27499478410778
    0.27624478410778
    0.27749478410778
    0.27874478410778
    0.27999478410778
    0.28124478410778
    0.28249478410778
    0.28374478410778
    0.28499478410778
    0.28624478410778
    0.28749478410778
    0.28874478410778
    0.28999478410778
    0.29124478410778
    0.29249478410778
    0.29374478410778
    0.29499478410778
    0.29624478410778
    0.29749478410778
    0.29874478410778
    0.29999478410778
    0.30124478410778
    0.30249478410778
    0.30374478410778
    0.30499478410778
    0.30624478410778
    0.30749478410778
    0.30874478410778
    0.30999478410778
    0.31124478410778
    0.31249478410778
    0.31374478410778
    0.31499478410778
    0.31624478410778
    0.31749478410778
    0.31874478410778
    0.31999478410778
    0.32124478410778
    0.32249478410778
    0.32374478410778
    0.32499478410778
    0.32624478410778
    0.32749478410778
    0.32874478410778
    0.32999478410778
    0.33124478410778
    0.33249478410778
    0.33374478410778
    0.33499478410778
    0.33624478410778
    0.33749478410778
    0.33874478410778
    0.33999478410778
    0.34124478410778
    0.34249478410778
    0.34374478410778
    0.34499478410778
    0.34624478410778
    0.34749478410778
    0.34874478410778
    0.34999478410778
    0.35124478410778
    0.35249478410778
    0.35374478410778
    0.35499478410778
    0.35624478410778
    0.35749478410778
    0.35874478410778
    0.35999478410778
    0.36124478410778
    0.36249478410778
    0.36374478410778
    0.36499478410778
    0.36624478410778
    0.36749478410778
    0.36874478410778
    0.36999478410778
    0.37124478410778
    0.37249478410778
    0.37374478410778
    0.37499478410778
    0.37624478410778
    0.37749478410778
    0.37874478410778
    0.37999478410778
    0.38124478410778
    0.38249478410778
    0.38374478410778
    0.38499478410778
    0.38624478410778
    0.38749478410778
    0.38874478410778
    0.38999478410778
    0.39124478410778
    0.39249478410778
    0.39374478410778
    0.39499478410778
    0.39624478410778
    0.39749478410778
    0.39874478410778
    0.39999478410778
    0.40124478410778
    0.40249478410778
    0.40374478410778
    0.40499478410778
    0.40624478410778
    0.40749478410778
    0.40874478410778
    0.40999478410778
    0.41124478410778
    0.41249478410778
    0.41374478410778
    0.41499478410778
    0.41624478410778
    0.41749478410778
    0.41874478410778
    0.41999478410778
    0.42124478410778
    0.42249478410778
    0.42374478410778
    0.42499478410778
    0.42624478410778
    0.42749478410778
    0.42874478410778
    0.42999478410778
    0.43124478410778
    0.43249478410778
    0.43374478410778
    0.43499478410778
    0.43624478410778
    0.43749478410778
    0.43874478410778
    0.43999478410778
    0.44124478410778
    0.44249478410778
    0.44374478410778
    0.44499478410778
    0.44624478410778
    0.44749478410778
    0.44874478410778
    0.44999478410778
    0.45124478410778
    0.45249478410778
    0.45374478410778
    0.45499478410778
    0.45624478410778
    0.45749478410778
    0.45874478410778
    0.45999478410778
    0.46124478410778
    0.46249478410778
    0.46374478410778
    0.46499478410778
    0.46624478410778
    0.46749478410778
    0.46874478410778
    0.46999478410778
    0.47124478410778
    0.47249478410778
    0.47374478410778
    0.47499478410778
    0.47624478410778
    0.47749478410778
    0.47874478410778
    0.47999478410778
    0.48124478410778
    0.48249478410778
    0.48374478410778
    0.48499478410778
    0.48624478410778
    0.48749478410778
    0.48874478410778
    0.48999478410778
    0.49124478410778
    0.49249478410778
    0.49374478410778
    0.49499478410778
    0.49624478410778
    0.49749478410778
    0.49874478410778
    0.49999478410778
    0.50124478410779
    0.50249478410779
    0.50374478410779
    0.50499478410779
    0.50624478410779
    0.50749478410779
    0.50874478410779
    0.50999478410779
    0.51124478410779
    0.51249478410779
    0.51374478410779
    0.51499478410779
    0.51624478410779
    0.51749478410779
    0.51874478410779
    0.51999478410779
    0.52124478410779
    0.52249478410779
    0.52374478410779
    0.52499478410779
    0.52624478410779
    0.52749478410779
    0.52874478410779
    0.52999478410779
    0.53124478410779
    0.53249478410779
    0.53374478410779
    0.53499478410779
    0.53624478410779
    0.53749478410779
    0.53874478410779
    0.53999478410779
    0.54124478410779
    0.54249478410779
    0.54374478410779
    0.54499478410779
    0.54624478410779
    0.54749478410779
    0.54874478410779
    0.54999478410779
    0.55124478410779
    0.55249478410779
    0.55374478410779
    0.55499478410779
    0.55624478410779
    0.55749478410779
    0.55874478410779
    0.55999478410779
    0.56124478410779
    0.56249478410779
    0.56374478410779
    0.56499478410779
    0.56624478410779
    0.56749478410779
    0.56874478410779
    0.56999478410779
    0.57124478410779
    0.57249478410779
    0.57374478410779
    0.57499478410779
    0.57624478410779
    0.57749478410779
    0.57874478410779
    0.57999478410779
    0.58124478410779
    0.58249478410779
    0.58374478410779
    0.58499478410779
    0.58624478410779
    0.58749478410779
    0.58874478410779
    0.58999478410779
    0.59124478410779
    0.59249478410779
    0.59374478410779
    0.59499478410779
    0.59624478410779
    0.59749478410779
    0.59874478410779
    0.59999478410779
    0.60124478410779
    0.60249478410779
    0.60374478410779
    0.60499478410779
    0.60624478410779
    0.60749478410779
    0.60874478410779
    0.60999478410779
    0.61124478410779
    0.61249478410779
    0.61374478410779
    0.61499478410779
    0.61624478410779
    0.61749478410779
    0.61874478410779
    0.61999478410779
    0.62124478410779
    0.62249478410779
    0.62374478410779
    0.62499478410779
    0.62624478410779
    0.62749478410779
    0.62874478410779
    0.62999478410779
    0.63124478410779
    0.63249478410779
    0.63374478410779
    0.63499478410779
    0.63624478410779
    0.63749478410779
    0.63874478410779
    0.63999478410779
    0.64124478410779
    0.64249478410779
    0.64374478410779
    0.64499478410779
    0.64624478410779
    0.64749478410779
    0.64874478410779
    0.64999478410779
    0.65124478410779
    0.65249478410779
    0.65374478410779
    0.65499478410779
    0.65624478410779
    0.65749478410779
    0.65874478410779
    0.65999478410779
    0.66124478410779
    0.66249478410779
    0.66374478410779
    0.66499478410779
    0.66624478410779
    0.66749478410779
    0.66874478410779
    0.66999478410779
    0.67124478410779
    0.67249478410779
    0.67374478410779
    0.67499478410779
    0.67624478410779
    0.67749478410779
    0.67874478410779
    0.67999478410779
    0.68124478410779
    0.68249478410779
    0.68374478410779
    0.68499478410779
    0.68624478410779
    0.68749478410779
    0.68874478410779
    0.68999478410779
    0.69124478410779
    0.69249478410779
    0.69374478410779
    0.69499478410779
    0.69624478410779
    0.69749478410779
    0.69874478410779
    0.69999478410779
    0.70124478410779
    0.70249478410779
    0.70374478410779
    0.70499478410779
    0.70624478410779
    0.70749478410779
    0.70874478410779
    0.70999478410779
    0.71124478410779
    0.71249478410779
    0.71374478410779
    0.71499478410779
    0.71624478410779
    0.71749478410779
    0.71874478410779
    0.71999478410779
    0.72124478410779
    0.72249478410779
    0.72374478410779
    0.72499478410779
    0.72624478410779
    0.72749478410779
    0.72874478410779
    0.72999478410779
    0.73124478410779
    0.73249478410779
    0.73374478410779
    0.73499478410779
    0.73624478410779
    0.73749478410779
    0.73874478410779
    0.73999478410779
    0.74124478410779
    0.74249478410779
    0.74374478410779
    0.74499478410779
    0.74624478410779
    0.74749478410779
    0.74874478410779
    0.74999478410779
    0.75124478410779
    0.75249478410779
    0.75374478410779
    0.75499478410779
    0.75624478410779
    0.75749478410779
    0.75874478410779
    0.75999478410779
    0.76124478410779
    0.76249478410779
    0.76374478410779
    0.76499478410779
    0.76624478410779
    0.76749478410779
    0.76874478410779
    0.76999478410779
    0.77124478410779
    0.77249478410779
    0.77374478410779
    0.77499478410779
    0.77624478410779
    0.77749478410779
    0.77874478410779
    0.77999478410779
    0.78124478410779
    0.78249478410779
    0.78374478410779
    0.78499478410779
    0.78624478410779
    0.78749478410779
    0.78874478410779
    0.78999478410779
    0.79124478410779
    0.79249478410779
    0.79374478410779
    0.79499478410779
    0.79624478410779
    0.79749478410779
    0.79874478410779
    0.79999478410779
    0.80124478410779
    0.80249478410779
    0.80374478410779
    0.80499478410779
    0.80624478410779
    0.80749478410779
    0.80874478410779
    0.80999478410779
    0.81124478410779
    0.81249478410779
    0.81374478410779
    0.81499478410779
    0.81624478410779
    0.81749478410779
    0.81874478410779
    0.81999478410779
    0.82124478410779
    0.82249478410779
    0.82374478410779
    0.82499478410779
    0.82624478410779
    0.82749478410779
    0.82874478410779
    0.82999478410779
    0.83124478410779
    0.83249478410779
    0.83374478410779
    0.83499478410779
    0.83624478410779
    0.83749478410779
    0.83874478410779
    0.83999478410779
    0.84124478410779
    0.84249478410779
    0.84374478410779
    0.84499478410779
    0.84624478410779
    0.84749478410779
    0.84874478410779
    0.84999478410779
    0.85124478410779
    0.85249478410779
    0.85374478410779
    0.85499478410779
    0.85624478410779
    0.85749478410779
    0.85874478410779
    0.85999478410779
    0.86124478410779
    0.86249478410779
    0.86374478410779
    0.86499478410779
    0.86624478410779
    0.86749478410779
    0.86874478410779
    0.86999478410779
    0.87124478410779
    0.87249478410779
    0.87374478410779
    0.87499478410779
    0.87624478410779
    0.87749478410779
    0.87874478410779
    0.87999478410779
    0.88124478410779
    0.88249478410779
    0.88374478410779
    0.88499478410779
    0.88624478410779
    0.88749478410779
    0.88874478410779
    0.88999478410779
    0.89124478410779
    0.89249478410779
    0.89374478410779
    0.89499478410779
    0.89624478410779
    0.89749478410779
    0.89874478410779
    0.89999478410779
    0.90124478410779
    0.90249478410779
    0.90374478410779
    0.90499478410779
    0.90624478410779
    0.90749478410779
    0.90874478410779
    0.90999478410779
    0.91124478410779
    0.91249478410779
    0.91374478410779
    0.91499478410779
    0.91624478410779
    0.91749478410779
    0.91874478410779
    0.91999478410779
    0.92124478410779
    0.92249478410779
    0.92374478410779
    0.92499478410779
    0.92624478410779
    0.92749478410779
    0.92874478410779
    0.92999478410779
    0.93124478410779
    0.93249478410779
    0.93374478410779
    0.93499478410779
    0.93624478410779
    0.93749478410779
    0.93874478410779
    0.93999478410779
    0.94124478410779
    0.94249478410779
    0.94374478410779
    0.94499478410779
    0.94624478410779
    0.94749478410779
    0.94874478410779
    0.94999478410779
    0.95124478410779
    0.95249478410779
    0.95374478410779
    0.95499478410779
    0.95624478410779
    0.95749478410779
    0.95874478410779
    0.95999478410779
    0.96124478410779
    0.96249478410779
    0.96374478410779
    0.96499478410779
    0.96624478410779
    0.96749478410779
    0.96874478410779
    0.96999478410779
    0.97124478410779
    0.97249478410779
    0.97374478410779
    0.97499478410779
    0.97624478410779
    0.97749478410779
    0.97874478410779
    0.97999478410779
    0.98124478410779
    0.98249478410779
    0.98374478410779
    0.98499478410779
    0.98624478410779
    0.98749478410779
    0.98874478410779
    0.98999478410779
    0.99124478410779
    0.99249478410779
    0.99374478410779
    0.99499478410779
    0.99624478410779
    0.99749478410779
    0.99874478410779
    0.99999478410779
