    0.00000000000000
    0.00249754783574
    0.00499754783574
    0.00749754783574
    0.00999754783574
    0.01249754783574
    0.01499754783574
    0.01749754783574
    0.01999754783574
    0.02249754783574
    0.02499754783574
    0.02749754783574
    0.02999754783574
    0.03249754783574
    0.03499754783574
    0.03749754783574
    0.03999754783574
    0.04249754783574
    0.04499754783574
    0.04749754783574
    0.04999754783574
    0.05249754783574
    0.05499754783574
    0.05749754783574
    0.05999754783574
    0.06249754783574
    0.06499754783574
    0.06749754783574
    0.06999754783574
    0.07249754783574
    0.07499754783574
    0.07749754783574
    0.07999754783574
    0.08249754783574
    0.08499754783574
    0.08749754783574
    0.08999754783574
    0.09249754783574
    0.09499754783574
    0.09749754783574
    0.09999754783574
    0.10249754783574
    0.10499754783574
    0.10749754783574
    0.10999754783574
    0.11249754783574
    0.11499754783574
    0.11749754783574
    0.11999754783574
    0.12249754783574
    0.12499754783574
    0.12749754783574
    0.12999754783574
    0.13249754783574
    0.13499754783574
    0.13749754783574
    0.13999754783574
    0.14249754783574
    0.14499754783574
    0.14749754783574
    0.14999754783574
    0.15249754783574
    0.15499754783574
    0.15749754783574
    0.15999754783574
    0.16249754783574
    0.16499754783574
    0.16749754783574
    0.16999754783574
    0.17249754783574
    0.17499754783574
    0.17749754783574
    0.17999754783574
    0.18249754783574
    0.18499754783574
    0.18749754783574
    0.18999754783574
    0.19249754783574
    0.19499754783574
    0.19749754783574
    0.19999754783574
    0.20249754783574
    0.20499754783574
    0.20749754783574
    0.20999754783574
    0.21249754783574
    0.21499754783574
    0.21749754783574
    0.21999754783574
    0.22249754783574
    0.22499754783574
    0.22749754783574
    0.22999754783574
    0.23249754783574
    0.23499754783574
    0.23749754783574
    0.23999754783574
    0.24249754783574
    0.24499754783574
    0.24749754783574
    0.24999754783574
    0.25249754783574
    0.25499754783574
    0.25749754783574
    0.25999754783574
    0.26249754783574
    0.26499754783574
    0.26749754783574
    0.26999754783574
    0.27249754783574
    0.27499754783574
    0.27749754783574
    0.27999754783574
    0.28249754783574
    0.28499754783574
    0.28749754783574
    0.28999754783574
    0.29249754783574
    0.29499754783574
    0.29749754783574
    0.29999754783574
    0.30249754783574
    0.30499754783574
    0.30749754783574
    0.30999754783574
    0.31249754783574
    0.31499754783574
    0.31749754783574
    0.31999754783574
    0.32249754783574
    0.32499754783574
    0.32749754783574
    0.32999754783574
    0.33249754783574
    0.33499754783574
    0.33749754783574
    0.33999754783574
    0.34249754783574
    0.34499754783574
    0.34749754783574
    0.34999754783574
    0.35249754783574
    0.35499754783574
    0.35749754783574
    0.35999754783574
    0.36249754783574
    0.36499754783574
    0.36749754783574
    0.36999754783574
    0.37249754783574
    0.37499754783574
    0.37749754783574
    0.37999754783574
    0.38249754783574
    0.38499754783574
    0.38749754783574
    0.38999754783574
    0.39249754783574
    0.39499754783574
    0.39749754783574
    0.39999754783574
    0.40249754783574
    0.40499754783574
    0.40749754783574
    0.40999754783574
    0.41249754783574
    0.41499754783574
    0.41749754783574
    0.41999754783574
    0.42249754783574
    0.42499754783574
    0.42749754783574
    0.42999754783574
    0.43249754783574
    0.43499754783574
    0.43749754783574
    0.43999754783574
    0.44249754783574
    0.44499754783574
    0.44749754783574
    0.44999754783574
    0.45249754783574
    0.45499754783574
    0.45749754783574
    0.45999754783574
    0.46249754783574
    0.46499754783574
    0.46749754783574
    0.46999754783574
    0.47249754783574
    0.47499754783574
    0.47749754783574
    0.47999754783574
    0.48249754783574
    0.48499754783574
    0.48749754783574
    0.48999754783574
    0.49249754783574
    0.49499754783574
    0.49749754783574
    0.49999754783574
    0.50249754783573
    0.50499754783573
    0.50749754783573
    0.50999754783573
    0.51249754783573
    0.51499754783573
    0.51749754783573
    0.51999754783573
    0.52249754783573
    0.52499754783573
    0.52749754783573
    0.52999754783573
    0.53249754783573
    0.53499754783573
    0.53749754783573
    0.53999754783573
    0.54249754783573
    0.54499754783573
    0.54749754783573
    0.54999754783573
    0.55249754783573
    0.55499754783573
    0.55749754783573
    0.55999754783573
    0.56249754783573
    0.56499754783573
    0.56749754783573
    0.56999754783573
    0.57249754783573
    0.57499754783573
    0.57749754783573
    0.57999754783573
    0.58249754783573
    0.58499754783573
    0.58749754783573
    0.58999754783573
    0.59249754783573
    0.59499754783573
    0.59749754783573
    0.59999754783573
    0.60249754783573
    0.60499754783573
    0.60749754783573
    0.60999754783573
    0.61249754783573
    0.61499754783573
    0.61749754783573
    0.61999754783573
    0.62249754783573
    0.62499754783573
    0.62749754783573
    0.62999754783573
    0.63249754783573
    0.63499754783573
    0.63749754783573
    0.63999754783573
    0.64249754783573
    0.64499754783573
    0.64749754783573
    0.64999754783573
    0.65249754783573
    0.65499754783573
    0.65749754783573
    0.65999754783573
    0.66249754783573
    0.66499754783573
    0.66749754783573
    0.66999754783573
    0.67249754783573
    0.67499754783573
    0.67749754783573
    0.67999754783573
    0.68249754783573
    0.68499754783573
    0.68749754783573
    0.68999754783573
    0.69249754783573
    0.69499754783573
    0.69749754783573
    0.69999754783573
    0.70249754783573
    0.70499754783573
    0.70749754783573
    0.70999754783573
    0.71249754783573
    0.71499754783573
    0.71749754783573
    0.71999754783573
    0.72249754783573
    0.72499754783573
    0.72749754783573
    0.72999754783573
    0.73249754783573
    0.73499754783573
    0.73749754783573
    0.73999754783573
    0.74249754783573
    0.74499754783573
    0.74749754783573
    0.74999754783573
    0.75249754783573
    0.75499754783573
    0.75749754783573
    0.75999754783573
    0.76249754783573
    0.76499754783573
    0.76749754783573
    0.76999754783573
    0.77249754783573
    0.77499754783573
    0.77749754783573
    0.77999754783573
    0.78249754783573
    0.78499754783573
    0.78749754783573
    0.78999754783573
    0.79249754783573
    0.79499754783573
    0.79749754783573
    0.79999754783573
    0.80249754783573
    0.80499754783573
    0.80749754783573
    0.80999754783573
    0.81249754783573
    0.81499754783573
    0.81749754783573
    0.81999754783573
    0.82249754783573
    0.82499754783573
    0.82749754783573
    0.82999754783573
    0.83249754783573
    0.83499754783573
    0.83749754783573
    0.83999754783573
    0.84249754783573
    0.84499754783573
    0.84749754783573
    0.84999754783573
    0.85249754783573
    0.85499754783573
    0.85749754783573
    0.85999754783573
    0.86249754783573
    0.86499754783573
    0.86749754783573
    0.86999754783573
    0.87249754783573
    0.87499754783573
    0.87749754783573
    0.87999754783573
    0.88249754783573
    0.88499754783573
    0.88749754783573
    0.88999754783573
    0.89249754783573
    0.89499754783573
    0.89749754783573
    0.89999754783573
    0.90249754783573
    0.90499754783573
    0.90749754783573
    0.90999754783573
    0.91249754783573
    0.91499754783573
    0.91749754783573
    0.91999754783573
    0.92249754783573
    0.92499754783573
    0.92749754783573
    0.92999754783573
    0.93249754783573
    0.93499754783573
    0.93749754783573
    0.93999754783573
    0.94249754783573
    0.94499754783573
    0.94749754783573
    0.94999754783573
    0.95249754783573
    0.95499754783573
    0.95749754783573
    0.95999754783573
    0.96249754783573
    0.96499754783573
    0.96749754783573
    0.96999754783573
    0.97249754783573
    0.97499754783573
    0.97749754783573
    0.97999754783573
    0.98249754783573
    0.98499754783573
    0.98749754783573
    0.98999754783573
    0.99249754783573
    0.99499754783573
    0.99749754783573
    0.99999754783573
