   -1.00000000000000
   -0.99608610567515
   -0.99217221135029
   -0.98825831702544
   -0.98434442270059
   -0.98043052837573
   -0.97651663405088
   -0.97260273972603
   -0.96868884540117
   -0.96477495107632
   -0.96086105675147
   -0.95694716242661
   -0.95303326810176
   -0.94911937377691
   -0.94520547945205
   -0.94129158512720
   -0.93737769080235
   -0.93346379647750
   -0.92954990215264
   -0.92563600782779
   -0.92172211350294
   -0.91780821917808
   -0.91389432485323
   -0.90998043052838
   -0.90606653620352
   -0.90215264187867
   -0.89823874755382
   -0.89432485322896
   -0.89041095890411
   -0.88649706457926
   -0.88258317025440
   -0.87866927592955
   -0.87475538160470
   -0.87084148727984
   -0.86692759295499
   -0.86301369863014
   -0.85909980430528
   -0.85518590998043
   -0.85127201565558
   -0.84735812133072
   -0.84344422700587
   -0.83953033268102
   -0.83561643835616
   -0.83170254403131
   -0.82778864970646
   -0.82387475538160
   -0.81996086105675
   -0.81604696673190
   -0.81213307240705
   -0.80821917808219
   -0.80430528375734
   -0.80039138943249
   -0.79647749510763
   -0.79256360078278
   -0.78864970645793
   -0.78473581213307
   -0.78082191780822
   -0.77690802348337
   -0.77299412915851
   -0.76908023483366
   -0.76516634050881
   -0.76125244618395
   -0.75733855185910
   -0.75342465753425
   -0.74951076320939
   -0.74559686888454
   -0.74168297455969
   -0.73776908023483
   -0.73385518590998
   -0.72994129158513
   -0.72602739726027
   -0.72211350293542
   -0.71819960861057
   -0.71428571428571
   -0.71037181996086
   -0.70645792563601
   -0.70254403131115
   -0.69863013698630
   -0.69471624266145
   -0.69080234833659
   -0.68688845401174
   -0.68297455968689
   -0.67906066536204
   -0.67514677103718
   -0.67123287671233
   -0.66731898238748
   -0.66340508806262
   -0.65949119373777
   -0.65557729941292
   -0.65166340508806
   -0.64774951076321
   -0.64383561643836
   -0.63992172211350
   -0.63600782778865
   -0.63209393346380
   -0.62818003913894
   -0.62426614481409
   -0.62035225048924
   -0.61643835616438
   -0.61252446183953
   -0.60861056751468
   -0.60469667318982
   -0.60078277886497
   -0.59686888454012
   -0.59295499021526
   -0.58904109589041
   -0.58512720156556
   -0.58121330724070
   -0.57729941291585
   -0.57338551859100
   -0.56947162426614
   -0.56555772994129
   -0.56164383561644
   -0.55772994129159
   -0.55381604696673
   -0.54990215264188
   -0.54598825831703
   -0.54207436399217
   -0.53816046966732
   -0.53424657534247
   -0.53033268101761
   -0.52641878669276
   -0.52250489236791
   -0.51859099804305
   -0.51467710371820
   -0.51076320939335
   -0.50684931506849
   -0.50293542074364
   -0.49902152641879
   -0.49510763209393
   -0.49119373776908
   -0.48727984344423
   -0.48336594911937
   -0.47945205479452
   -0.47553816046967
   -0.47162426614481
   -0.46771037181996
   -0.46379647749511
   -0.45988258317025
   -0.45596868884540
   -0.45205479452055
   -0.44814090019569
   -0.44422700587084
   -0.44031311154599
   -0.43639921722114
   -0.43248532289628
   -0.42857142857143
   -0.42465753424658
   -0.42074363992172
   -0.41682974559687
   -0.41291585127202
   -0.40900195694716
   -0.40508806262231
   -0.40117416829746
   -0.39726027397260
   -0.39334637964775
   -0.38943248532290
   -0.38551859099804
   -0.38160469667319
   -0.37769080234834
   -0.37377690802348
   -0.36986301369863
   -0.36594911937378
   -0.36203522504892
   -0.35812133072407
   -0.35420743639922
   -0.35029354207436
   -0.34637964774951
   -0.34246575342466
   -0.33855185909980
   -0.33463796477495
   -0.33072407045010
   -0.32681017612524
   -0.32289628180039
   -0.31898238747554
   -0.31506849315068
   -0.31115459882583
   -0.30724070450098
   -0.30332681017613
   -0.29941291585127
   -0.29549902152642
   -0.29158512720157
   -0.28767123287671
   -0.28375733855186
   -0.27984344422701
   -0.27592954990215
   -0.27201565557730
   -0.26810176125245
   -0.26418786692759
   -0.26027397260274
   -0.25636007827789
   -0.25244618395303
   -0.24853228962818
   -0.24461839530333
   -0.24070450097847
   -0.23679060665362
   -0.23287671232877
   -0.22896281800391
   -0.22504892367906
   -0.22113502935421
   -0.21722113502935
   -0.21330724070450
   -0.20939334637965
   -0.20547945205479
   -0.20156555772994
   -0.19765166340509
   -0.19373776908023
   -0.18982387475538
   -0.18590998043053
   -0.18199608610568
   -0.17808219178082
   -0.17416829745597
   -0.17025440313112
   -0.16634050880626
   -0.16242661448141
   -0.15851272015656
   -0.15459882583170
   -0.15068493150685
   -0.14677103718200
   -0.14285714285714
   -0.13894324853229
   -0.13502935420744
   -0.13111545988258
   -0.12720156555773
   -0.12328767123288
   -0.11937377690802
   -0.11545988258317
   -0.11154598825832
   -0.10763209393346
   -0.10371819960861
   -0.09980430528376
   -0.09589041095890
   -0.09197651663405
   -0.08806262230920
   -0.08414872798434
   -0.08023483365949
   -0.07632093933464
   -0.07240704500978
   -0.06849315068493
   -0.06457925636008
   -0.06066536203523
   -0.05675146771037
   -0.05283757338552
   -0.04892367906067
   -0.04500978473581
   -0.04109589041096
   -0.03718199608611
   -0.03326810176125
   -0.02935420743640
   -0.02544031311155
   -0.02152641878669
   -0.01761252446184
   -0.01369863013699
   -0.00978473581213
   -0.00587084148728
   -0.00195694716243
    0.00195694716243
    0.00587084148728
    0.00978473581213
    0.01369863013699
    0.01761252446184
    0.02152641878669
    0.02544031311155
    0.02935420743640
    0.03326810176125
    0.03718199608611
    0.04109589041096
    0.04500978473581
    0.04892367906067
    0.05283757338552
    0.05675146771037
    0.06066536203523
    0.06457925636008
    0.06849315068493
    0.07240704500978
    0.07632093933464
    0.08023483365949
    0.08414872798434
    0.08806262230920
    0.09197651663405
    0.09589041095890
    0.09980430528376
    0.10371819960861
    0.10763209393346
    0.11154598825832
    0.11545988258317
    0.11937377690802
    0.12328767123288
    0.12720156555773
    0.13111545988258
    0.13502935420744
    0.13894324853229
    0.14285714285714
    0.14677103718200
    0.15068493150685
    0.15459882583170
    0.15851272015656
    0.16242661448141
    0.16634050880626
    0.17025440313112
    0.17416829745597
    0.17808219178082
    0.18199608610568
    0.18590998043053
    0.18982387475538
    0.19373776908023
    0.19765166340509
    0.20156555772994
    0.20547945205479
    0.20939334637965
    0.21330724070450
    0.21722113502935
    0.22113502935421
    0.22504892367906
    0.22896281800391
    0.23287671232877
    0.23679060665362
    0.24070450097847
    0.24461839530333
    0.24853228962818
    0.25244618395303
    0.25636007827789
    0.26027397260274
    0.26418786692759
    0.26810176125245
    0.27201565557730
    0.27592954990215
    0.27984344422701
    0.28375733855186
    0.28767123287671
    0.29158512720157
    0.29549902152642
    0.29941291585127
    0.30332681017613
    0.30724070450098
    0.31115459882583
    0.31506849315068
    0.31898238747554
    0.32289628180039
    0.32681017612524
    0.33072407045010
    0.33463796477495
    0.33855185909980
    0.34246575342466
    0.34637964774951
    0.35029354207436
    0.35420743639922
    0.35812133072407
    0.36203522504892
    0.36594911937378
    0.36986301369863
    0.37377690802348
    0.37769080234834
    0.38160469667319
    0.38551859099804
    0.38943248532290
    0.39334637964775
    0.39726027397260
    0.40117416829746
    0.40508806262231
    0.40900195694716
    0.41291585127202
    0.41682974559687
    0.42074363992172
    0.42465753424658
    0.42857142857143
    0.43248532289628
    0.43639921722114
    0.44031311154599
    0.44422700587084
    0.44814090019569
    0.45205479452055
    0.45596868884540
    0.45988258317025
    0.46379647749511
    0.46771037181996
    0.47162426614481
    0.47553816046967
    0.47945205479452
    0.48336594911937
    0.48727984344423
    0.49119373776908
    0.49510763209393
    0.49902152641879
    0.50293542074364
    0.50684931506849
    0.51076320939335
    0.51467710371820
    0.51859099804305
    0.52250489236791
    0.52641878669276
    0.53033268101761
    0.53424657534247
    0.53816046966732
    0.54207436399217
    0.54598825831703
    0.54990215264188
    0.55381604696673
    0.55772994129159
    0.56164383561644
    0.56555772994129
    0.56947162426614
    0.57338551859100
    0.57729941291585
    0.58121330724070
    0.58512720156556
    0.58904109589041
    0.59295499021526
    0.59686888454012
    0.60078277886497
    0.60469667318982
    0.60861056751468
    0.61252446183953
    0.61643835616438
    0.62035225048924
    0.62426614481409
    0.62818003913894
    0.63209393346380
    0.63600782778865
    0.63992172211350
    0.64383561643836
    0.64774951076321
    0.65166340508806
    0.65557729941292
    0.65949119373777
    0.66340508806262
    0.66731898238748
    0.67123287671233
    0.67514677103718
    0.67906066536204
    0.68297455968689
    0.68688845401174
    0.69080234833659
    0.69471624266145
    0.69863013698630
    0.70254403131115
    0.70645792563601
    0.71037181996086
    0.71428571428571
    0.71819960861057
    0.72211350293542
    0.72602739726027
    0.72994129158513
    0.73385518590998
    0.73776908023483
    0.74168297455969
    0.74559686888454
    0.74951076320939
    0.75342465753425
    0.75733855185910
    0.76125244618395
    0.76516634050881
    0.76908023483366
    0.77299412915851
    0.77690802348337
    0.78082191780822
    0.78473581213307
    0.78864970645793
    0.79256360078278
    0.79647749510763
    0.80039138943249
    0.80430528375734
    0.80821917808219
    0.81213307240705
    0.81604696673190
    0.81996086105675
    0.82387475538160
    0.82778864970646
    0.83170254403131
    0.83561643835616
    0.83953033268102
    0.84344422700587
    0.84735812133072
    0.85127201565558
    0.85518590998043
    0.85909980430528
    0.86301369863014
    0.86692759295499
    0.87084148727984
    0.87475538160470
    0.87866927592955
    0.88258317025440
    0.88649706457926
    0.89041095890411
    0.89432485322896
    0.89823874755382
    0.90215264187867
    0.90606653620352
    0.90998043052838
    0.91389432485323
    0.91780821917808
    0.92172211350294
    0.92563600782779
    0.92954990215264
    0.93346379647750
    0.93737769080235
    0.94129158512720
    0.94520547945205
    0.94911937377691
    0.95303326810176
    0.95694716242661
    0.96086105675147
    0.96477495107632
    0.96868884540117
    0.97260273972603
    0.97651663405088
    0.98043052837573
    0.98434442270059
    0.98825831702544
    0.99217221135029
    0.99608610567515
    1.00000000000000
