    0.00000000000000
    0.04966389358127
    0.09966389358127
    0.14966389358127
    0.19966389358127
    0.24966389358127
    0.29966389358127
    0.34966389358127
    0.39966389358127
    0.44966389358127
    0.49966389358127
    0.54966389358126
    0.59966389358126
    0.64966389358126
    0.69966389358126
    0.74966389358126
    0.79966389358126
    0.84966389358126
    0.89966389358126
    0.94966389358126
    0.99966389358126
    1.04966389358126
    1.09966389358126
    1.14966389358126
    1.19966389358126
    1.24966389358126
    1.29966389358126
    1.34966389358126
    1.39966389358126
    1.44966389358126
    1.49966389358126
    1.54966389358126
    1.59966389358126
    1.64966389358126
    1.69966389358126
    1.74966389358126
    1.79966389358126
    1.84966389358126
    1.89966389358126
    1.94966389358126
    1.99966389358126
    2.04966389358126
    2.09966389358126
    2.14966389358126
    2.19966389358126
    2.24966389358126
    2.29966389358126
    2.34966389358126
    2.39966389358126
    2.44966389358126
    2.49966389358126
    2.54966389358126
    2.59966389358126
    2.64966389358126
    2.69966389358126
    2.74966389358126
    2.79966389358126
    2.84966389358126
    2.89966389358126
    2.94966389358126
    2.99966389358126
    3.04966389358126
    3.09966389358126
    3.14966389358126
    3.19966389358126
    3.24966389358126
    3.29966389358126
    3.34966389358126
    3.39966389358126
    3.44966389358126
    3.49966389358126
    3.54966389358126
    3.59966389358126
    3.64966389358126
    3.69966389358126
    3.74966389358126
    3.79966389358126
    3.84966389358126
    3.89966389358126
    3.94966389358126
    3.99966389358126
    4.04966389358126
    4.09966389358126
    4.14966389358126
    4.19966389358126
    4.24966389358126
    4.29966389358126
    4.34966389358126
    4.39966389358126
    4.44966389358126
    4.49966389358126
    4.54966389358126
    4.59966389358126
    4.64966389358126
    4.69966389358126
    4.74966389358126
    4.79966389358126
    4.84966389358126
    4.89966389358126
    4.94966389358126
    4.99966389358126
    5.04966389358126
    5.09966389358126
    5.14966389358126
    5.19966389358126
    5.24966389358126
    5.29966389358126
    5.34966389358126
    5.39966389358126
    5.44966389358126
    5.49966389358126
    5.54966389358126
    5.59966389358126
    5.64966389358126
    5.69966389358126
    5.74966389358126
    5.79966389358126
    5.84966389358126
    5.89966389358126
    5.94966389358126
    5.99966389358126
    6.04966389358126
    6.09966389358126
    6.14966389358126
    6.19966389358126
    6.24966389358126
    6.29966389358126
    6.34966389358126
    6.39966389358126
    6.44966389358126
    6.49966389358126
    6.54966389358126
    6.59966389358126
    6.64966389358126
    6.69966389358126
    6.74966389358126
    6.79966389358126
    6.84966389358126
    6.89966389358126
    6.94966389358126
    6.99966389358126
    7.04966389358126
    7.09966389358126
    7.14966389358126
    7.19966389358126
    7.24966389358126
    7.29966389358126
    7.34966389358126
    7.39966389358126
    7.44966389358126
    7.49966389358126
    7.54966389358126
    7.59966389358126
    7.64966389358126
    7.69966389358126
    7.74966389358126
    7.79966389358126
    7.84966389358126
    7.89966389358126
    7.94966389358126
    7.99966389358126
    8.04966389358139
    8.09966389358139
    8.14966389358139
    8.19966389358139
    8.24966389358139
    8.29966389358139
    8.34966389358139
    8.39966389358139
    8.44966389358139
    8.49966389358139
    8.54966389358139
    8.59966389358139
    8.64966389358139
    8.69966389358139
    8.74966389358139
    8.79966389358139
    8.84966389358139
    8.89966389358139
    8.94966389358139
    8.99966389358139
    9.04966389358139
    9.09966389358139
    9.14966389358139
    9.19966389358139
    9.24966389358139
    9.29966389358139
    9.34966389358139
    9.39966389358139
    9.44966389358139
    9.49966389358139
    9.54966389358139
    9.59966389358139
    9.64966389358139
    9.69966389358139
    9.74966389358139
    9.79966389358139
    9.84966389358139
    9.89966389358139
    9.94966389358139
    9.99966389358139
