    0.00000000000000
    0.04992436854760
    0.09992436854761
    0.14992436854760
    0.19992436854760
    0.24992436854760
    0.29992436854760
    0.34992436854760
    0.39992436854760
    0.44992436854760
    0.49992436854760
    0.54992436854760
    0.59992436854760
    0.64992436854760
    0.69992436854760
    0.74992436854760
    0.79992436854760
    0.84992436854760
    0.89992436854760
    0.94992436854760
    0.99992436854760
    1.04992436854760
    1.09992436854760
    1.14992436854760
    1.19992436854760
    1.24992436854760
    1.29992436854760
    1.34992436854760
    1.39992436854760
    1.44992436854760
    1.49992436854760
    1.54992436854760
    1.59992436854760
    1.64992436854760
    1.69992436854760
    1.74992436854760
    1.79992436854760
    1.84992436854760
    1.89992436854760
    1.94992436854760
    1.99992436854760
    2.04992436854773
    2.09992436854773
    2.14992436854773
    2.19992436854773
    2.24992436854773
    2.29992436854773
    2.34992436854773
    2.39992436854773
    2.44992436854773
    2.49992436854773
    2.54992436854773
    2.59992436854773
    2.64992436854773
    2.69992436854773
    2.74992436854773
    2.79992436854773
    2.84992436854773
    2.89992436854773
    2.94992436854773
    2.99992436854773
    3.04992436854773
    3.09992436854773
    3.14992436854773
    3.19992436854773
    3.24992436854773
    3.29992436854773
    3.34992436854773
    3.39992436854773
    3.44992436854773
    3.49992436854773
    3.54992436854773
    3.59992436854773
    3.64992436854773
    3.69992436854773
    3.74992436854773
    3.79992436854773
    3.84992436854773
    3.89992436854773
    3.94992436854773
    3.99992436854773
    4.04992436854747
    4.09992436854747
    4.14992436854747
    4.19992436854747
    4.24992436854747
    4.29992436854747
    4.34992436854747
    4.39992436854747
    4.44992436854747
    4.49992436854747
    4.54992436854747
    4.59992436854747
    4.64992436854747
    4.69992436854747
    4.74992436854747
    4.79992436854747
    4.84992436854747
    4.89992436854747
    4.94992436854747
    4.99992436854747
    5.04992436854747
    5.09992436854747
    5.14992436854747
    5.19992436854747
    5.24992436854747
    5.29992436854747
    5.34992436854747
    5.39992436854747
    5.44992436854747
    5.49992436854747
    5.54992436854747
    5.59992436854747
    5.64992436854747
    5.69992436854747
    5.74992436854747
    5.79992436854747
    5.84992436854747
    5.89992436854747
    5.94992436854747
    5.99992436854747
    6.04992436854747
    6.09992436854747
    6.14992436854747
    6.19992436854747
    6.24992436854747
    6.29992436854747
    6.34992436854747
    6.39992436854747
    6.44992436854747
    6.49992436854747
    6.54992436854747
    6.59992436854747
    6.64992436854747
    6.69992436854747
    6.74992436854747
    6.79992436854747
    6.84992436854747
    6.89992436854747
    6.94992436854747
    6.99992436854747
    7.04992436854747
    7.09992436854747
    7.14992436854747
    7.19992436854747
    7.24992436854747
    7.29992436854747
    7.34992436854747
    7.39992436854747
    7.44992436854747
    7.49992436854747
    7.54992436854747
    7.59992436854747
    7.64992436854747
    7.69992436854747
    7.74992436854747
    7.79992436854747
    7.84992436854747
    7.89992436854747
    7.94992436854747
    7.99992436854747
    8.04992436854798
    8.09992436854798
    8.14992436854798
    8.19992436854798
    8.24992436854798
    8.29992436854798
    8.34992436854798
    8.39992436854798
    8.44992436854798
    8.49992436854798
    8.54992436854798
    8.59992436854798
    8.64992436854798
    8.69992436854798
    8.74992436854798
    8.79992436854798
    8.84992436854798
    8.89992436854798
    8.94992436854798
    8.99992436854798
    9.04992436854798
    9.09992436854798
    9.14992436854798
    9.19992436854798
    9.24992436854798
    9.29992436854798
    9.34992436854798
    9.39992436854798
    9.44992436854798
    9.49992436854798
    9.54992436854798
    9.59992436854798
    9.64992436854798
    9.69992436854798
    9.74992436854798
    9.79992436854798
    9.84992436854798
    9.89992436854798
    9.94992436854798
    9.99992436854798
