    0.00000000000000
    0.04989542688468
    0.09989542688468
    0.14989542688468
    0.19989542688468
    0.24989542688468
    0.29989542688468
    0.34989542688468
    0.39989542688468
    0.44989542688468
    0.49989542688468
    0.54989542688466
    0.59989542688466
    0.64989542688466
    0.69989542688466
    0.74989542688466
    0.79989542688466
    0.84989542688466
    0.89989542688466
    0.94989542688466
    0.99989542688466
    1.04989542688470
    1.09989542688470
    1.14989542688471
    1.19989542688471
    1.24989542688471
    1.29989542688470
    1.34989542688470
    1.39989542688471
    1.44989542688471
    1.49989542688471
    1.54989542688470
    1.59989542688470
    1.64989542688471
    1.69989542688471
    1.74989542688471
    1.79989542688470
    1.84989542688470
    1.89989542688471
    1.94989542688471
    1.99989542688471
    2.04989542688461
    2.09989542688461
    2.14989542688461
    2.19989542688461
    2.24989542688461
    2.29989542688461
    2.34989542688461
    2.39989542688461
    2.44989542688461
    2.49989542688461
    2.54989542688461
    2.59989542688461
    2.64989542688461
    2.69989542688461
    2.74989542688461
    2.79989542688461
    2.84989542688461
    2.89989542688461
    2.94989542688461
    2.99989542688461
    3.04989542688461
    3.09989542688461
    3.14989542688461
    3.19989542688461
    3.24989542688461
    3.29989542688461
    3.34989542688461
    3.39989542688461
    3.44989542688461
    3.49989542688461
    3.54989542688461
    3.59989542688461
    3.64989542688461
    3.69989542688461
    3.74989542688461
    3.79989542688461
    3.84989542688461
    3.89989542688461
    3.94989542688461
    3.99989542688461
    4.04989542688480
    4.09989542688480
    4.14989542688480
    4.19989542688480
    4.24989542688480
    4.29989542688480
    4.34989542688480
    4.39989542688480
    4.44989542688480
    4.49989542688480
    4.54989542688480
    4.59989542688480
    4.64989542688480
    4.69989542688480
    4.74989542688480
    4.79989542688480
    4.84989542688480
    4.89989542688480
    4.94989542688480
    4.99989542688480
    5.04989542688480
    5.09989542688480
    5.14989542688480
    5.19989542688480
    5.24989542688480
    5.29989542688480
    5.34989542688480
    5.39989542688480
    5.44989542688480
    5.49989542688480
    5.54989542688480
    5.59989542688480
    5.64989542688480
    5.69989542688480
    5.74989542688480
    5.79989542688480
    5.84989542688480
    5.89989542688480
    5.94989542688480
    5.99989542688480
    6.04989542688480
    6.09989542688480
    6.14989542688480
    6.19989542688480
    6.24989542688480
    6.29989542688480
    6.34989542688480
    6.39989542688480
    6.44989542688480
    6.49989542688480
    6.54989542688480
    6.59989542688480
    6.64989542688480
    6.69989542688480
    6.74989542688480
    6.79989542688480
    6.84989542688480
    6.89989542688480
    6.94989542688480
    6.99989542688480
    7.04989542688480
    7.09989542688480
    7.14989542688480
    7.19989542688480
    7.24989542688480
    7.29989542688480
    7.34989542688480
    7.39989542688480
    7.44989542688480
    7.49989542688480
    7.54989542688480
    7.59989542688480
    7.64989542688480
    7.69989542688480
    7.74989542688480
    7.79989542688480
    7.84989542688480
    7.89989542688480
    7.94989542688480
    7.99989542688480
    8.04989542688480
    8.09989542688480
    8.14989542688480
    8.19989542688480
    8.24989542688480
    8.29989542688480
    8.34989542688480
    8.39989542688480
    8.44989542688480
    8.49989542688480
    8.54989542688480
    8.59989542688480
    8.64989542688480
    8.69989542688480
    8.74989542688480
    8.79989542688480
    8.84989542688480
    8.89989542688480
    8.94989542688480
    8.99989542688480
    9.04989542688480
    9.09989542688480
    9.14989542688480
    9.19989542688480
    9.24989542688480
    9.29989542688480
    9.34989542688480
    9.39989542688480
    9.44989542688480
    9.49989542688480
    9.54989542688480
    9.59989542688480
    9.64989542688480
    9.69989542688480
    9.74989542688480
    9.79989542688480
    9.84989542688480
    9.89989542688480
    9.94989542688480
    9.99989542688480
