    0.00000000000000
    0.00493165936262
    0.00993165936262
    0.01493165936262
    0.01993165936262
    0.02493165936262
    0.02993165936262
    0.03493165936262
    0.03993165936262
    0.04493165936262
    0.04993165936262
    0.05493165936262
    0.05993165936262
    0.06493165936262
    0.06993165936262
    0.07493165936262
    0.07993165936262
    0.08493165936262
    0.08993165936262
    0.09493165936262
    0.09993165936262
    0.10493165936262
    0.10993165936262
    0.11493165936262
    0.11993165936262
    0.12493165936262
    0.12993165936262
    0.13493165936262
    0.13993165936262
    0.14493165936262
    0.14993165936262
    0.15493165936262
    0.15993165936262
    0.16493165936262
    0.16993165936262
    0.17493165936262
    0.17993165936262
    0.18493165936262
    0.18993165936262
    0.19493165936262
    0.19993165936262
    0.20493165936262
    0.20993165936262
    0.21493165936262
    0.21993165936262
    0.22493165936262
    0.22993165936262
    0.23493165936262
    0.23993165936262
    0.24493165936262
    0.24993165936262
    0.25493165936262
    0.25993165936262
    0.26493165936262
    0.26993165936262
    0.27493165936262
    0.27993165936262
    0.28493165936262
    0.28993165936262
    0.29493165936262
    0.29993165936262
    0.30493165936262
    0.30993165936262
    0.31493165936262
    0.31993165936262
    0.32493165936262
    0.32993165936262
    0.33493165936262
    0.33993165936262
    0.34493165936262
    0.34993165936262
    0.35493165936262
    0.35993165936262
    0.36493165936262
    0.36993165936262
    0.37493165936262
    0.37993165936262
    0.38493165936262
    0.38993165936262
    0.39493165936262
    0.39993165936262
    0.40493165936262
    0.40993165936262
    0.41493165936262
    0.41993165936262
    0.42493165936262
    0.42993165936262
    0.43493165936262
    0.43993165936262
    0.44493165936262
    0.44993165936262
    0.45493165936262
    0.45993165936262
    0.46493165936262
    0.46993165936262
    0.47493165936262
    0.47993165936262
    0.48493165936262
    0.48993165936262
    0.49493165936262
    0.49993165936262
    0.50493165936261
    0.50993165936261
    0.51493165936261
    0.51993165936261
    0.52493165936261
    0.52993165936261
    0.53493165936261
    0.53993165936261
    0.54493165936261
    0.54993165936261
    0.55493165936261
    0.55993165936261
    0.56493165936261
    0.56993165936261
    0.57493165936261
    0.57993165936261
    0.58493165936261
    0.58993165936261
    0.59493165936261
    0.59993165936261
    0.60493165936261
    0.60993165936261
    0.61493165936261
    0.61993165936261
    0.62493165936261
    0.62993165936261
    0.63493165936261
    0.63993165936261
    0.64493165936261
    0.64993165936261
    0.65493165936261
    0.65993165936261
    0.66493165936261
    0.66993165936261
    0.67493165936261
    0.67993165936261
    0.68493165936261
    0.68993165936261
    0.69437597943443
