   -1.00000000000000
   -0.99215686274510
   -0.98431372549020
   -0.97647058823529
   -0.96862745098039
   -0.96078431372549
   -0.95294117647059
   -0.94509803921569
   -0.93725490196078
   -0.92941176470588
   -0.92156862745098
   -0.91372549019608
   -0.90588235294118
   -0.89803921568627
   -0.89019607843137
   -0.88235294117647
   -0.87450980392157
   -0.86666666666667
   -0.85882352941176
   -0.85098039215686
   -0.84313725490196
   -0.83529411764706
   -0.82745098039216
   -0.81960784313725
   -0.81176470588235
   -0.80392156862745
   -0.79607843137255
   -0.78823529411765
   -0.78039215686275
   -0.77254901960784
   -0.76470588235294
   -0.75686274509804
   -0.74901960784314
   -0.74117647058824
   -0.73333333333333
   -0.72549019607843
   -0.71764705882353
   -0.70980392156863
   -0.70196078431373
   -0.69411764705882
   -0.68627450980392
   -0.67843137254902
   -0.67058823529412
   -0.66274509803922
   -0.65490196078431
   -0.64705882352941
   -0.63921568627451
   -0.63137254901961
   -0.62352941176471
   -0.61568627450980
   -0.60784313725490
   -0.60000000000000
   -0.59215686274510
   -0.58431372549020
   -0.57647058823529
   -0.56862745098039
   -0.56078431372549
   -0.55294117647059
   -0.54509803921569
   -0.53725490196078
   -0.52941176470588
   -0.52156862745098
   -0.51372549019608
   -0.50588235294118
   -0.49803921568627
   -0.49019607843137
   -0.48235294117647
   -0.47450980392157
   -0.46666666666667
   -0.45882352941176
   -0.45098039215686
   -0.44313725490196
   -0.43529411764706
   -0.42745098039216
   -0.41960784313725
   -0.41176470588235
   -0.40392156862745
   -0.39607843137255
   -0.38823529411765
   -0.38039215686275
   -0.37254901960784
   -0.36470588235294
   -0.35686274509804
   -0.34901960784314
   -0.34117647058824
   -0.33333333333333
   -0.32549019607843
   -0.31764705882353
   -0.30980392156863
   -0.30196078431373
   -0.29411764705882
   -0.28627450980392
   -0.27843137254902
   -0.27058823529412
   -0.26274509803922
   -0.25490196078431
   -0.24705882352941
   -0.23921568627451
   -0.23137254901961
   -0.22352941176471
   -0.21568627450980
   -0.20784313725490
   -0.20000000000000
   -0.19215686274510
   -0.18431372549020
   -0.17647058823529
   -0.16862745098039
   -0.16078431372549
   -0.15294117647059
   -0.14509803921569
   -0.13725490196078
   -0.12941176470588
   -0.12156862745098
   -0.11372549019608
   -0.10588235294118
   -0.09803921568627
   -0.09019607843137
   -0.08235294117647
   -0.07450980392157
   -0.06666666666667
   -0.05882352941176
   -0.05098039215686
   -0.04313725490196
   -0.03529411764706
   -0.02745098039216
   -0.01960784313725
   -0.01176470588235
   -0.00392156862745
    0.00392156862745
    0.01176470588235
    0.01960784313725
    0.02745098039216
    0.03529411764706
    0.04313725490196
    0.05098039215686
    0.05882352941176
    0.06666666666667
    0.07450980392157
    0.08235294117647
    0.09019607843137
    0.09803921568627
    0.10588235294118
    0.11372549019608
    0.12156862745098
    0.12941176470588
    0.13725490196078
    0.14509803921569
    0.15294117647059
    0.16078431372549
    0.16862745098039
    0.17647058823529
    0.18431372549020
    0.19215686274510
    0.20000000000000
    0.20784313725490
    0.21568627450980
    0.22352941176471
    0.23137254901961
    0.23921568627451
    0.24705882352941
    0.25490196078431
    0.26274509803922
    0.27058823529412
    0.27843137254902
    0.28627450980392
    0.29411764705882
    0.30196078431373
    0.30980392156863
    0.31764705882353
    0.32549019607843
    0.33333333333333
    0.34117647058824
    0.34901960784314
    0.35686274509804
    0.36470588235294
    0.37254901960784
    0.38039215686275
    0.38823529411765
    0.39607843137255
    0.40392156862745
    0.41176470588235
    0.41960784313725
    0.42745098039216
    0.43529411764706
    0.44313725490196
    0.45098039215686
    0.45882352941176
    0.46666666666667
    0.47450980392157
    0.48235294117647
    0.49019607843137
    0.49803921568627
    0.50588235294118
    0.51372549019608
    0.52156862745098
    0.52941176470588
    0.53725490196078
    0.54509803921569
    0.55294117647059
    0.56078431372549
    0.56862745098039
    0.57647058823529
    0.58431372549020
    0.59215686274510
    0.60000000000000
    0.60784313725490
    0.61568627450980
    0.62352941176471
    0.63137254901961
    0.63921568627451
    0.64705882352941
    0.65490196078431
    0.66274509803922
    0.67058823529412
    0.67843137254902
    0.68627450980392
    0.69411764705882
    0.70196078431373
    0.70980392156863
    0.71764705882353
    0.72549019607843
    0.73333333333333
    0.74117647058824
    0.74901960784314
    0.75686274509804
    0.76470588235294
    0.77254901960784
    0.78039215686274
    0.78823529411765
    0.79607843137255
    0.80392156862745
    0.81176470588235
    0.81960784313725
    0.82745098039216
    0.83529411764706
    0.84313725490196
    0.85098039215686
    0.85882352941176
    0.86666666666667
    0.87450980392157
    0.88235294117647
    0.89019607843137
    0.89803921568627
    0.90588235294118
    0.91372549019608
    0.92156862745098
    0.92941176470588
    0.93725490196078
    0.94509803921569
    0.95294117647059
    0.96078431372549
    0.96862745098039
    0.97647058823529
    0.98431372549020
    0.99215686274510
    1.00000000000000
