    0.00000000000000
    0.00123181760666
    0.00248181760666
    0.00373181760666
    0.00498181760666
    0.00623181760666
    0.00748181760666
    0.00873181760666
    0.00998181760666
    0.01123181760666
    0.01248181760666
    0.01373181760666
    0.01498181760666
    0.01623181760666
    0.01748181760666
    0.01873181760666
    0.01998181760666
    0.02123181760666
    0.02248181760666
    0.02373181760666
    0.02498181760666
    0.02623181760666
    0.02748181760666
    0.02873181760666
    0.02998181760666
    0.03123181760666
    0.03248181760666
    0.03373181760666
    0.03498181760666
    0.03623181760666
    0.03748181760666
    0.03873181760666
    0.03998181760666
    0.04123181760666
    0.04248181760666
    0.04373181760666
    0.04498181760666
    0.04623181760666
    0.04748181760666
    0.04873181760666
    0.04998181760666
    0.05123181760666
    0.05248181760666
    0.05373181760666
    0.05498181760666
    0.05623181760666
    0.05748181760666
    0.05873181760666
    0.05998181760666
    0.06123181760666
    0.06248181760666
    0.06373181760666
    0.06498181760666
    0.06623181760666
    0.06748181760666
    0.06873181760666
    0.06998181760666
    0.07123181760666
    0.07248181760666
    0.07373181760666
    0.07498181760666
    0.07623181760666
    0.07748181760666
    0.07873181760666
    0.07998181760666
    0.08123181760666
    0.08248181760666
    0.08373181760666
    0.08498181760666
    0.08623181760666
    0.08748181760666
    0.08873181760666
    0.08998181760666
    0.09123181760666
    0.09248181760666
    0.09373181760666
    0.09498181760666
    0.09623181760666
    0.09748181760666
    0.09873181760666
    0.09998181760666
    0.10123181760666
    0.10248181760666
    0.10373181760666
    0.10498181760666
    0.10623181760666
    0.10748181760666
    0.10873181760666
    0.10998181760666
    0.11123181760666
    0.11248181760666
    0.11373181760666
    0.11498181760666
    0.11623181760666
    0.11748181760666
    0.11873181760666
    0.11998181760666
    0.12123181760666
    0.12248181760666
    0.12373181760666
    0.12498181760666
    0.12623181760666
    0.12748181760666
    0.12873181760666
    0.12998181760666
    0.13123181760666
    0.13248181760666
    0.13373181760666
    0.13498181760666
    0.13623181760666
    0.13748181760666
    0.13873181760666
    0.13998181760666
    0.14123181760666
    0.14248181760666
    0.14373181760666
    0.14498181760666
    0.14623181760666
    0.14748181760666
    0.14873181760666
    0.14998181760666
    0.15123181760666
    0.15248181760666
    0.15373181760666
    0.15498181760666
    0.15623181760666
    0.15748181760666
    0.15873181760666
    0.15998181760666
    0.16123181760666
    0.16248181760666
    0.16373181760666
    0.16498181760666
    0.16623181760666
    0.16748181760666
    0.16873181760666
    0.16998181760666
    0.17123181760666
    0.17248181760666
    0.17373181760666
    0.17498181760666
    0.17623181760666
    0.17748181760666
    0.17873181760666
    0.17998181760666
    0.18123181760666
    0.18248181760666
    0.18373181760666
    0.18498181760666
    0.18623181760666
    0.18748181760666
    0.18873181760666
    0.18998181760666
    0.19123181760666
    0.19248181760666
    0.19373181760666
    0.19498181760666
    0.19623181760666
    0.19748181760666
    0.19873181760666
    0.19998181760666
    0.20123181760666
    0.20248181760666
    0.20373181760666
    0.20498181760666
    0.20623181760666
    0.20748181760666
    0.20873181760666
    0.20998181760666
    0.21123181760666
    0.21248181760666
    0.21373181760666
    0.21498181760666
    0.21623181760666
    0.21748181760666
    0.21873181760666
    0.21998181760666
    0.22123181760666
    0.22248181760666
    0.22373181760666
    0.22498181760666
    0.22623181760666
    0.22748181760666
    0.22873181760666
    0.22998181760666
    0.23123181760666
    0.23248181760666
    0.23373181760666
    0.23498181760666
    0.23623181760666
    0.23748181760666
    0.23873181760666
    0.23998181760666
    0.24123181760666
    0.24248181760666
    0.24373181760666
    0.24498181760666
    0.24623181760666
    0.24748181760666
    0.24873181760666
    0.24998181760666
    0.25123181760666
    0.25248181760666
    0.25373181760666
    0.25498181760666
    0.25623181760666
    0.25748181760666
    0.25873181760666
    0.25998181760666
    0.26123181760666
    0.26248181760666
    0.26373181760666
    0.26498181760666
    0.26623181760666
    0.26748181760666
    0.26873181760666
    0.26998181760666
    0.27123181760666
    0.27248181760666
    0.27373181760666
    0.27498181760666
    0.27623181760666
    0.27748181760666
    0.27873181760666
    0.27998181760666
    0.28123181760666
    0.28248181760666
    0.28373181760666
    0.28498181760666
    0.28623181760666
    0.28748181760666
    0.28873181760666
    0.28998181760666
    0.29123181760666
    0.29248181760666
    0.29373181760666
    0.29498181760666
    0.29623181760666
    0.29748181760666
    0.29873181760666
    0.29998181760666
    0.30123181760666
    0.30248181760666
    0.30373181760666
    0.30498181760666
    0.30623181760666
    0.30748181760666
    0.30873181760666
    0.30998181760666
    0.31123181760666
    0.31248181760666
    0.31373181760666
    0.31498181760666
    0.31623181760666
    0.31748181760666
    0.31873181760666
    0.31998181760666
    0.32123181760666
    0.32248181760666
    0.32373181760666
    0.32498181760666
    0.32623181760666
    0.32748181760666
    0.32873181760666
    0.32998181760666
    0.33123181760666
    0.33248181760666
    0.33373181760666
    0.33498181760666
    0.33623181760666
    0.33748181760666
    0.33873181760666
    0.33998181760666
    0.34123181760666
    0.34248181760666
    0.34373181760666
    0.34498181760666
    0.34623181760666
    0.34748181760666
    0.34873181760666
    0.34998181760666
    0.35123181760666
    0.35248181760666
    0.35373181760666
    0.35498181760666
    0.35623181760666
    0.35748181760666
    0.35873181760666
    0.35998181760666
    0.36123181760666
    0.36248181760666
    0.36373181760666
    0.36498181760666
    0.36623181760666
    0.36748181760666
    0.36873181760666
    0.36998181760666
    0.37123181760666
    0.37248181760666
    0.37373181760666
    0.37498181760666
    0.37623181760666
    0.37748181760666
    0.37873181760666
    0.37998181760666
    0.38123181760666
    0.38248181760666
    0.38373181760666
    0.38498181760666
    0.38623181760666
    0.38748181760666
    0.38873181760666
    0.38998181760666
    0.39123181760666
    0.39248181760666
    0.39373181760666
    0.39498181760666
    0.39623181760666
    0.39748181760666
    0.39873181760666
    0.39998181760666
    0.40123181760666
    0.40248181760666
    0.40373181760666
    0.40498181760666
    0.40623181760666
    0.40748181760666
    0.40873181760666
    0.40998181760666
    0.41123181760666
    0.41248181760666
    0.41373181760666
    0.41498181760666
    0.41623181760666
    0.41748181760666
    0.41873181760666
    0.41998181760666
    0.42123181760666
    0.42248181760666
    0.42373181760666
    0.42498181760666
    0.42623181760666
    0.42748181760666
    0.42873181760666
    0.42998181760666
    0.43123181760666
    0.43248181760666
    0.43373181760666
    0.43498181760666
    0.43623181760666
    0.43748181760666
    0.43873181760666
    0.43998181760666
    0.44123181760666
    0.44248181760666
    0.44373181760666
    0.44498181760666
    0.44623181760666
    0.44748181760666
    0.44873181760666
    0.44998181760666
    0.45123181760666
    0.45248181760666
    0.45373181760666
    0.45498181760666
    0.45623181760666
    0.45748181760666
    0.45873181760666
    0.45998181760666
    0.46123181760666
    0.46248181760666
    0.46373181760666
    0.46498181760666
    0.46623181760666
    0.46748181760666
    0.46873181760666
    0.46998181760666
    0.47123181760666
    0.47248181760666
    0.47373181760666
    0.47498181760666
    0.47623181760666
    0.47748181760666
    0.47873181760666
    0.47998181760666
    0.48123181760666
    0.48248181760666
    0.48373181760666
    0.48498181760666
    0.48623181760666
    0.48748181760666
    0.48873181760666
    0.48998181760666
    0.49123181760666
    0.49248181760666
    0.49373181760666
    0.49498181760666
    0.49623181760666
    0.49748181760666
    0.49873181760666
    0.49998181760666
    0.50123181760666
    0.50248181760666
    0.50373181760666
    0.50498181760666
    0.50623181760666
    0.50748181760666
    0.50873181760666
    0.50998181760666
    0.51123181760666
    0.51248181760666
    0.51373181760666
    0.51498181760666
    0.51623181760666
    0.51748181760666
    0.51873181760666
    0.51998181760666
    0.52123181760666
    0.52248181760666
    0.52373181760666
    0.52498181760666
    0.52623181760666
    0.52748181760666
    0.52873181760666
    0.52998181760666
    0.53123181760666
    0.53248181760666
    0.53373181760666
    0.53498181760666
    0.53623181760666
    0.53748181760666
    0.53873181760666
    0.53998181760666
    0.54123181760666
    0.54248181760666
    0.54373181760666
    0.54498181760666
    0.54623181760666
    0.54748181760666
    0.54873181760666
    0.54998181760666
    0.55123181760666
    0.55248181760666
    0.55373181760666
    0.55498181760666
    0.55623181760666
    0.55748181760666
    0.55873181760666
    0.55998181760666
    0.56123181760666
    0.56248181760666
    0.56373181760666
    0.56498181760666
    0.56623181760666
    0.56748181760666
    0.56873181760666
    0.56998181760666
    0.57123181760666
    0.57248181760666
    0.57373181760666
    0.57498181760666
    0.57623181760666
    0.57748181760666
    0.57873181760666
    0.57998181760666
    0.58123181760666
    0.58248181760666
    0.58373181760666
    0.58498181760666
    0.58623181760666
    0.58748181760666
    0.58873181760666
    0.58998181760666
    0.59123181760666
    0.59248181760666
    0.59373181760666
    0.59498181760666
    0.59623181760666
    0.59748181760666
    0.59873181760666
    0.59998181760666
    0.60123181760666
    0.60248181760666
    0.60373181760666
    0.60498181760666
    0.60623181760666
    0.60748181760666
    0.60873181760666
    0.60998181760666
    0.61123181760666
    0.61248181760666
    0.61373181760666
    0.61498181760666
    0.61623181760666
    0.61748181760666
    0.61873181760666
    0.61998181760666
    0.62123181760666
    0.62248181760666
    0.62373181760666
    0.62498181760666
    0.62623181760666
    0.62748181760666
    0.62873181760666
    0.62998181760666
    0.63123181760666
    0.63248181760666
    0.63373181760666
    0.63498181760666
    0.63623181760666
    0.63748181760666
    0.63873181760666
    0.63998181760666
    0.64123181760666
    0.64248181760666
    0.64373181760666
    0.64498181760666
    0.64623181760666
    0.64748181760666
    0.64873181760666
    0.64998181760666
    0.65123181760666
    0.65248181760666
    0.65373181760666
    0.65498181760666
    0.65623181760666
    0.65748181760666
    0.65873181760666
    0.65998181760666
    0.66123181760666
    0.66248181760666
    0.66373181760666
    0.66498181760666
    0.66623181760666
    0.66748181760666
    0.66873181760666
    0.66998181760666
    0.67123181760666
    0.67248181760666
    0.67373181760666
    0.67498181760666
    0.67623181760666
    0.67748181760666
    0.67873181760666
    0.67998181760666
    0.68123181760666
    0.68248181760666
    0.68373181760666
    0.68498181760666
    0.68623181760666
    0.68748181760666
    0.68873181760666
    0.68998181760666
    0.69123181760666
    0.69248181760666
    0.69373181760666
    0.69498181760666
    0.69623181760666
    0.69748181760666
    0.69873181760666
    0.69998181760666
    0.70123181760666
    0.70248181760666
    0.70373181760666
    0.70498181760666
    0.70623181760666
    0.70748181760666
    0.70873181760666
    0.70998181760666
    0.71123181760666
    0.71248181760666
    0.71373181760666
    0.71498181760666
    0.71623181760666
    0.71748181760666
    0.71873181760666
    0.71998181760666
    0.72123181760666
    0.72248181760666
    0.72373181760666
    0.72498181760666
    0.72623181760666
    0.72748181760666
    0.72873181760666
    0.72998181760666
    0.73123181760666
    0.73248181760666
    0.73373181760666
    0.73498181760666
    0.73623181760666
    0.73748181760666
    0.73873181760666
    0.73998181760666
    0.74123181760666
    0.74248181760666
    0.74373181760666
    0.74498181760666
    0.74623181760666
    0.74748181760666
    0.74873181760666
    0.74998181760666
    0.75123181760666
    0.75248181760666
    0.75373181760666
    0.75498181760666
    0.75623181760666
    0.75748181760666
    0.75873181760666
    0.75998181760666
    0.76123181760666
    0.76248181760666
    0.76373181760666
    0.76498181760666
    0.76623181760666
    0.76748181760666
    0.76873181760666
    0.76998181760666
    0.77123181760666
    0.77248181760666
    0.77373181760666
    0.77498181760666
    0.77623181760666
    0.77748181760666
    0.77873181760666
    0.77998181760666
    0.78123181760666
    0.78248181760666
    0.78373181760666
    0.78498181760666
    0.78623181760666
    0.78748181760666
    0.78873181760666
    0.78998181760666
    0.79123181760666
    0.79248181760666
    0.79373181760666
    0.79498181760666
    0.79623181760666
    0.79748181760666
    0.79873181760666
    0.79998181760666
    0.80123181760666
    0.80248181760666
    0.80373181760666
    0.80498181760666
    0.80623181760666
    0.80748181760666
    0.80873181760666
    0.80998181760666
    0.81123181760666
    0.81248181760666
    0.81373181760666
    0.81498181760666
    0.81623181760666
    0.81748181760666
    0.81873181760666
    0.81998181760666
    0.82123181760666
    0.82248181760666
    0.82373181760666
    0.82498181760666
    0.82623181760666
    0.82748181760666
    0.82873181760666
    0.82998181760666
    0.83123181760666
    0.83248181760666
    0.83373181760666
    0.83498181760666
    0.83623181760666
    0.83748181760666
    0.83873181760666
    0.83998181760666
    0.84123181760666
    0.84248181760666
    0.84373181760666
    0.84498181760666
    0.84623181760666
    0.84748181760666
    0.84873181760666
    0.84998181760666
    0.85123181760666
    0.85248181760666
    0.85373181760666
    0.85498181760666
    0.85623181760666
    0.85748181760666
    0.85873181760666
    0.85998181760666
    0.86123181760666
    0.86248181760666
    0.86373181760666
    0.86498181760666
    0.86623181760666
    0.86748181760666
    0.86873181760666
    0.86998181760666
    0.87123181760666
    0.87248181760666
    0.87373181760666
    0.87498181760666
    0.87623181760666
    0.87748181760666
    0.87873181760666
    0.87998181760666
    0.88123181760666
    0.88248181760666
    0.88373181760666
    0.88498181760666
    0.88623181760666
    0.88748181760666
    0.88873181760666
    0.88998181760666
    0.89123181760666
    0.89248181760666
    0.89373181760666
    0.89498181760666
    0.89623181760666
    0.89748181760666
    0.89873181760666
    0.89998181760666
    0.90123181760666
    0.90248181760666
    0.90373181760666
    0.90498181760666
    0.90623181760666
    0.90748181760666
    0.90873181760666
    0.90998181760666
    0.91123181760666
    0.91248181760666
    0.91373181760666
    0.91498181760666
    0.91623181760666
    0.91748181760666
    0.91873181760666
    0.91998181760666
    0.92123181760666
    0.92248181760666
    0.92373181760666
    0.92498181760666
    0.92623181760666
    0.92748181760666
    0.92873181760666
    0.92998181760666
    0.93123181760666
    0.93248181760666
    0.93373181760666
    0.93498181760666
    0.93623181760666
    0.93748181760666
    0.93873181760666
    0.93998181760666
    0.94123181760666
    0.94248181760666
    0.94373181760666
    0.94498181760666
    0.94623181760666
    0.94748181760666
    0.94873181760666
    0.94998181760666
    0.95123181760666
    0.95248181760666
    0.95373181760666
    0.95498181760666
    0.95623181760666
    0.95748181760666
    0.95873181760666
    0.95998181760666
    0.96123181760666
    0.96248181760666
    0.96373181760666
    0.96498181760666
    0.96623181760666
    0.96748181760666
    0.96873181760666
    0.96998181760666
    0.97123181760666
    0.97248181760666
    0.97373181760666
    0.97498181760666
    0.97623181760666
    0.97748181760666
    0.97873181760666
    0.97998181760666
    0.98123181760666
    0.98248181760666
    0.98373181760666
    0.98498181760666
    0.98623181760666
    0.98748181760666
    0.98873181760666
    0.98998181760666
    0.99123181760666
    0.99248181760666
    0.99373181760666
    0.99498181760666
    0.99623181760666
    0.99748181760666
    0.99873181760666
    0.99998181760666
