    0.00000000000000
    0.00244857630955
    0.00494857630955
    0.00744857630955
    0.00994857630955
    0.01244857630955
    0.01494857630955
    0.01744857630955
    0.01994857630955
    0.02244857630955
    0.02494857630955
    0.02744857630955
    0.02994857630955
    0.03244857630955
    0.03494857630955
    0.03744857630955
    0.03994857630955
    0.04244857630955
    0.04494857630955
    0.04744857630955
    0.04994857630955
    0.05244857630955
    0.05494857630955
    0.05744857630955
    0.05994857630955
    0.06244857630955
    0.06494857630955
    0.06744857630955
    0.06994857630955
    0.07244857630955
    0.07494857630955
    0.07744857630955
    0.07994857630955
    0.08244857630955
    0.08494857630955
    0.08744857630955
    0.08994857630955
    0.09244857630955
    0.09494857630955
    0.09744857630955
    0.09994857630955
    0.10244857630955
    0.10494857630955
    0.10744857630955
    0.10994857630955
    0.11244857630955
    0.11494857630955
    0.11744857630955
    0.11994857630955
    0.12244857630955
    0.12494857630955
    0.12744857630955
    0.12994857630955
    0.13244857630955
    0.13494857630955
    0.13744857630955
    0.13994857630955
    0.14244857630955
    0.14494857630955
    0.14744857630955
    0.14994857630955
    0.15244857630955
    0.15494857630955
    0.15744857630955
    0.15994857630955
    0.16244857630955
    0.16494857630955
    0.16744857630955
    0.16994857630955
    0.17244857630955
    0.17494857630955
    0.17744857630955
    0.17994857630955
    0.18244857630955
    0.18494857630955
    0.18744857630955
    0.18994857630955
    0.19244857630955
    0.19494857630955
    0.19744857630955
    0.19994857630955
    0.20244857630955
    0.20494857630955
    0.20744857630955
    0.20994857630955
    0.21244857630955
    0.21494857630955
    0.21744857630955
    0.21994857630955
    0.22244857630955
    0.22494857630955
    0.22744857630955
    0.22994857630955
    0.23244857630955
    0.23494857630955
    0.23744857630955
    0.23994857630955
    0.24244857630955
    0.24494857630955
    0.24744857630955
    0.24994857630955
    0.25244857630955
    0.25494857630955
    0.25744857630955
    0.25994857630955
    0.26244857630955
    0.26494857630955
    0.26744857630955
    0.26994857630955
    0.27244857630955
    0.27494857630955
    0.27744857630955
    0.27994857630955
    0.28244857630955
    0.28494857630955
    0.28744857630955
    0.28994857630955
    0.29244857630955
    0.29494857630955
    0.29744857630955
    0.29994857630955
    0.30244857630955
    0.30494857630955
    0.30744857630955
    0.30994857630955
    0.31244857630955
    0.31494857630955
    0.31744857630955
    0.31994857630955
    0.32244857630955
    0.32494857630955
    0.32744857630955
    0.32994857630955
    0.33244857630955
    0.33494857630955
    0.33744857630955
    0.33994857630955
    0.34244857630955
    0.34494857630955
    0.34744857630955
    0.34994857630955
    0.35244857630955
    0.35494857630955
    0.35744857630955
    0.35994857630955
    0.36244857630955
    0.36494857630955
    0.36744857630955
    0.36994857630955
    0.37244857630955
    0.37494857630955
    0.37744857630955
    0.37994857630955
    0.38244857630955
    0.38494857630955
    0.38744857630955
    0.38994857630955
    0.39244857630955
    0.39494857630955
    0.39744857630955
    0.39994857630955
    0.40244857630955
    0.40494857630955
    0.40744857630955
    0.40994857630955
    0.41244857630955
    0.41494857630955
    0.41744857630955
    0.41994857630955
    0.42244857630955
    0.42494857630955
    0.42744857630955
    0.42994857630955
    0.43244857630955
    0.43494857630955
    0.43744857630955
    0.43994857630955
    0.44244857630955
    0.44494857630955
    0.44744857630955
    0.44994857630955
    0.45244857630955
    0.45494857630955
    0.45744857630955
    0.45994857630955
    0.46244857630955
    0.46494857630955
    0.46744857630955
    0.46994857630955
    0.47244857630955
    0.47494857630955
    0.47744857630955
    0.47994857630955
    0.48244857630955
    0.48494857630955
    0.48744857630955
    0.48994857630955
    0.49244857630955
    0.49494857630955
    0.49744857630955
    0.49994857630955
    0.50244857630955
    0.50494857630955
    0.50744857630955
    0.50994857630955
    0.51244857630955
    0.51494857630955
    0.51744857630955
    0.51994857630955
    0.52244857630955
    0.52494857630955
    0.52744857630955
    0.52994857630955
    0.53244857630955
    0.53494857630955
    0.53744857630955
    0.53994857630955
    0.54244857630955
    0.54494857630955
    0.54744857630955
    0.54994857630955
    0.55244857630955
    0.55494857630955
    0.55744857630955
    0.55994857630955
    0.56244857630955
    0.56494857630955
    0.56744857630955
    0.56994857630955
    0.57244857630955
    0.57494857630955
    0.57744857630955
    0.57994857630955
    0.58244857630955
    0.58494857630955
    0.58744857630955
    0.58994857630955
    0.59244857630955
    0.59494857630955
    0.59744857630955
    0.59994857630955
    0.60244857630955
    0.60494857630955
    0.60744857630955
    0.60994857630955
    0.61244857630955
    0.61494857630955
    0.61744857630955
    0.61994857630955
    0.62244857630955
    0.62494857630955
    0.62744857630955
    0.62994857630955
    0.63244857630955
    0.63494857630955
    0.63744857630955
    0.63994857630955
    0.64244857630955
    0.64494857630955
    0.64744857630955
    0.64994857630955
    0.65244857630955
    0.65494857630955
    0.65744857630955
    0.65994857630955
    0.66244857630955
    0.66494857630955
    0.66744857630955
    0.66994857630955
    0.67244857630955
    0.67494857630955
    0.67744857630955
    0.67994857630955
    0.68244857630955
    0.68494857630955
    0.68744857630955
    0.68994857630955
    0.69244857630955
    0.69494857630955
    0.69744857630955
    0.69994857630955
    0.70244857630955
    0.70494857630955
    0.70744857630955
    0.70994857630955
    0.71244857630955
    0.71494857630955
    0.71744857630955
    0.71994857630955
    0.72244857630955
    0.72494857630955
    0.72744857630955
    0.72994857630955
    0.73244857630955
    0.73494857630955
    0.73744857630955
    0.73994857630955
    0.74244857630955
    0.74494857630955
    0.74744857630955
    0.74994857630955
    0.75244857630955
    0.75494857630955
    0.75744857630955
    0.75994857630955
    0.76244857630955
    0.76494857630955
    0.76744857630955
    0.76994857630955
    0.77244857630955
    0.77494857630955
    0.77744857630955
    0.77994857630955
    0.78244857630955
    0.78494857630955
    0.78744857630955
    0.78994857630955
    0.79244857630955
    0.79494857630955
    0.79744857630955
    0.79994857630955
    0.80244857630955
    0.80494857630955
    0.80744857630955
    0.80994857630955
    0.81244857630955
    0.81494857630955
    0.81744857630955
    0.81994857630955
    0.82244857630955
    0.82494857630955
    0.82744857630955
    0.82994857630955
    0.83244857630955
    0.83494857630955
    0.83744857630955
    0.83994857630955
    0.84244857630955
    0.84494857630955
    0.84744857630955
    0.84994857630955
    0.85244857630955
    0.85494857630955
    0.85744857630955
    0.85994857630955
    0.86244857630955
    0.86494857630955
    0.86744857630955
    0.86994857630955
    0.87244857630955
    0.87494857630955
    0.87744857630955
    0.87994857630955
    0.88244857630955
    0.88494857630955
    0.88744857630955
    0.88994857630955
    0.89244857630955
    0.89494857630955
    0.89744857630955
    0.89994857630955
    0.90244857630955
    0.90494857630955
    0.90744857630955
    0.90994857630955
    0.91244857630955
    0.91494857630955
    0.91744857630955
    0.91994857630955
    0.92244857630955
    0.92494857630955
    0.92744857630955
    0.92994857630955
    0.93244857630955
    0.93494857630955
    0.93744857630955
    0.93994857630955
    0.94244857630955
    0.94494857630955
    0.94744857630955
    0.94994857630955
    0.95244857630955
    0.95494857630955
    0.95744857630955
    0.95994857630955
    0.96244857630955
    0.96494857630955
    0.96744857630955
    0.96994857630955
    0.97244857630955
    0.97494857630955
    0.97744857630955
    0.97994857630955
    0.98244857630955
    0.98494857630955
    0.98744857630955
    0.98994857630955
    0.99244857630955
    0.99494857630955
    0.99744857630955
    0.99994857630955
