   -1.00000000000000
   -0.99804496578690
   -0.99608993157380
   -0.99413489736070
   -0.99217986314761
   -0.99022482893451
   -0.98826979472141
   -0.98631476050831
   -0.98435972629521
   -0.98240469208211
   -0.98044965786901
   -0.97849462365591
   -0.97653958944282
   -0.97458455522972
   -0.97262952101662
   -0.97067448680352
   -0.96871945259042
   -0.96676441837732
   -0.96480938416422
   -0.96285434995112
   -0.96089931573803
   -0.95894428152493
   -0.95698924731183
   -0.95503421309873
   -0.95307917888563
   -0.95112414467253
   -0.94916911045943
   -0.94721407624633
   -0.94525904203324
   -0.94330400782014
   -0.94134897360704
   -0.93939393939394
   -0.93743890518084
   -0.93548387096774
   -0.93352883675464
   -0.93157380254154
   -0.92961876832845
   -0.92766373411535
   -0.92570869990225
   -0.92375366568915
   -0.92179863147605
   -0.91984359726295
   -0.91788856304985
   -0.91593352883675
   -0.91397849462366
   -0.91202346041056
   -0.91006842619746
   -0.90811339198436
   -0.90615835777126
   -0.90420332355816
   -0.90224828934506
   -0.90029325513196
   -0.89833822091887
   -0.89638318670577
   -0.89442815249267
   -0.89247311827957
   -0.89051808406647
   -0.88856304985337
   -0.88660801564027
   -0.88465298142717
   -0.88269794721408
   -0.88074291300098
   -0.87878787878788
   -0.87683284457478
   -0.87487781036168
   -0.87292277614858
   -0.87096774193548
   -0.86901270772239
   -0.86705767350929
   -0.86510263929619
   -0.86314760508309
   -0.86119257086999
   -0.85923753665689
   -0.85728250244379
   -0.85532746823069
   -0.85337243401760
   -0.85141739980450
   -0.84946236559140
   -0.84750733137830
   -0.84555229716520
   -0.84359726295210
   -0.84164222873900
   -0.83968719452590
   -0.83773216031281
   -0.83577712609971
   -0.83382209188661
   -0.83186705767351
   -0.82991202346041
   -0.82795698924731
   -0.82600195503421
   -0.82404692082111
   -0.82209188660802
   -0.82013685239492
   -0.81818181818182
   -0.81622678396872
   -0.81427174975562
   -0.81231671554252
   -0.81036168132942
   -0.80840664711632
   -0.80645161290323
   -0.80449657869013
   -0.80254154447703
   -0.80058651026393
   -0.79863147605083
   -0.79667644183773
   -0.79472140762463
   -0.79276637341153
   -0.79081133919844
   -0.78885630498534
   -0.78690127077224
   -0.78494623655914
   -0.78299120234604
   -0.78103616813294
   -0.77908113391984
   -0.77712609970674
   -0.77517106549365
   -0.77321603128055
   -0.77126099706745
   -0.76930596285435
   -0.76735092864125
   -0.76539589442815
   -0.76344086021505
   -0.76148582600196
   -0.75953079178886
   -0.75757575757576
   -0.75562072336266
   -0.75366568914956
   -0.75171065493646
   -0.74975562072336
   -0.74780058651026
   -0.74584555229717
   -0.74389051808407
   -0.74193548387097
   -0.73998044965787
   -0.73802541544477
   -0.73607038123167
   -0.73411534701857
   -0.73216031280547
   -0.73020527859238
   -0.72825024437928
   -0.72629521016618
   -0.72434017595308
   -0.72238514173998
   -0.72043010752688
   -0.71847507331378
   -0.71652003910068
   -0.71456500488759
   -0.71260997067449
   -0.71065493646139
   -0.70869990224829
   -0.70674486803519
   -0.70478983382209
   -0.70283479960899
   -0.70087976539589
   -0.69892473118280
   -0.69696969696970
   -0.69501466275660
   -0.69305962854350
   -0.69110459433040
   -0.68914956011730
   -0.68719452590420
   -0.68523949169110
   -0.68328445747801
   -0.68132942326491
   -0.67937438905181
   -0.67741935483871
   -0.67546432062561
   -0.67350928641251
   -0.67155425219941
   -0.66959921798631
   -0.66764418377322
   -0.66568914956012
   -0.66373411534702
   -0.66177908113392
   -0.65982404692082
   -0.65786901270772
   -0.65591397849462
   -0.65395894428152
   -0.65200391006843
   -0.65004887585533
   -0.64809384164223
   -0.64613880742913
   -0.64418377321603
   -0.64222873900293
   -0.64027370478983
   -0.63831867057674
   -0.63636363636364
   -0.63440860215054
   -0.63245356793744
   -0.63049853372434
   -0.62854349951124
   -0.62658846529814
   -0.62463343108504
   -0.62267839687195
   -0.62072336265885
   -0.61876832844575
   -0.61681329423265
   -0.61485826001955
   -0.61290322580645
   -0.61094819159335
   -0.60899315738025
   -0.60703812316716
   -0.60508308895406
   -0.60312805474096
   -0.60117302052786
   -0.59921798631476
   -0.59726295210166
   -0.59530791788856
   -0.59335288367546
   -0.59139784946237
   -0.58944281524927
   -0.58748778103617
   -0.58553274682307
   -0.58357771260997
   -0.58162267839687
   -0.57966764418377
   -0.57771260997067
   -0.57575757575758
   -0.57380254154448
   -0.57184750733138
   -0.56989247311828
   -0.56793743890518
   -0.56598240469208
   -0.56402737047898
   -0.56207233626588
   -0.56011730205279
   -0.55816226783969
   -0.55620723362659
   -0.55425219941349
   -0.55229716520039
   -0.55034213098729
   -0.54838709677419
   -0.54643206256109
   -0.54447702834800
   -0.54252199413490
   -0.54056695992180
   -0.53861192570870
   -0.53665689149560
   -0.53470185728250
   -0.53274682306940
   -0.53079178885630
   -0.52883675464321
   -0.52688172043011
   -0.52492668621701
   -0.52297165200391
   -0.52101661779081
   -0.51906158357771
   -0.51710654936461
   -0.51515151515152
   -0.51319648093842
   -0.51124144672532
   -0.50928641251222
   -0.50733137829912
   -0.50537634408602
   -0.50342130987292
   -0.50146627565982
   -0.49951124144673
   -0.49755620723363
   -0.49560117302053
   -0.49364613880743
   -0.49169110459433
   -0.48973607038123
   -0.48778103616813
   -0.48582600195503
   -0.48387096774194
   -0.48191593352884
   -0.47996089931574
   -0.47800586510264
   -0.47605083088954
   -0.47409579667644
   -0.47214076246334
   -0.47018572825024
   -0.46823069403715
   -0.46627565982405
   -0.46432062561095
   -0.46236559139785
   -0.46041055718475
   -0.45845552297165
   -0.45650048875855
   -0.45454545454545
   -0.45259042033236
   -0.45063538611926
   -0.44868035190616
   -0.44672531769306
   -0.44477028347996
   -0.44281524926686
   -0.44086021505376
   -0.43890518084066
   -0.43695014662757
   -0.43499511241447
   -0.43304007820137
   -0.43108504398827
   -0.42913000977517
   -0.42717497556207
   -0.42521994134897
   -0.42326490713587
   -0.42130987292278
   -0.41935483870968
   -0.41739980449658
   -0.41544477028348
   -0.41348973607038
   -0.41153470185728
   -0.40957966764418
   -0.40762463343109
   -0.40566959921799
   -0.40371456500489
   -0.40175953079179
   -0.39980449657869
   -0.39784946236559
   -0.39589442815249
   -0.39393939393939
   -0.39198435972630
   -0.39002932551320
   -0.38807429130010
   -0.38611925708700
   -0.38416422287390
   -0.38220918866080
   -0.38025415444770
   -0.37829912023460
   -0.37634408602151
   -0.37438905180841
   -0.37243401759531
   -0.37047898338221
   -0.36852394916911
   -0.36656891495601
   -0.36461388074291
   -0.36265884652981
   -0.36070381231672
   -0.35874877810362
   -0.35679374389052
   -0.35483870967742
   -0.35288367546432
   -0.35092864125122
   -0.34897360703812
   -0.34701857282502
   -0.34506353861193
   -0.34310850439883
   -0.34115347018573
   -0.33919843597263
   -0.33724340175953
   -0.33528836754643
   -0.33333333333333
   -0.33137829912023
   -0.32942326490714
   -0.32746823069404
   -0.32551319648094
   -0.32355816226784
   -0.32160312805474
   -0.31964809384164
   -0.31769305962854
   -0.31573802541544
   -0.31378299120235
   -0.31182795698925
   -0.30987292277615
   -0.30791788856305
   -0.30596285434995
   -0.30400782013685
   -0.30205278592375
   -0.30009775171065
   -0.29814271749756
   -0.29618768328446
   -0.29423264907136
   -0.29227761485826
   -0.29032258064516
   -0.28836754643206
   -0.28641251221896
   -0.28445747800587
   -0.28250244379277
   -0.28054740957967
   -0.27859237536657
   -0.27663734115347
   -0.27468230694037
   -0.27272727272727
   -0.27077223851417
   -0.26881720430108
   -0.26686217008798
   -0.26490713587488
   -0.26295210166178
   -0.26099706744868
   -0.25904203323558
   -0.25708699902248
   -0.25513196480938
   -0.25317693059629
   -0.25122189638319
   -0.24926686217009
   -0.24731182795699
   -0.24535679374389
   -0.24340175953079
   -0.24144672531769
   -0.23949169110459
   -0.23753665689150
   -0.23558162267840
   -0.23362658846530
   -0.23167155425220
   -0.22971652003910
   -0.22776148582600
   -0.22580645161290
   -0.22385141739980
   -0.22189638318671
   -0.21994134897361
   -0.21798631476051
   -0.21603128054741
   -0.21407624633431
   -0.21212121212121
   -0.21016617790811
   -0.20821114369501
   -0.20625610948192
   -0.20430107526882
   -0.20234604105572
   -0.20039100684262
   -0.19843597262952
   -0.19648093841642
   -0.19452590420332
   -0.19257086999022
   -0.19061583577713
   -0.18866080156403
   -0.18670576735093
   -0.18475073313783
   -0.18279569892473
   -0.18084066471163
   -0.17888563049853
   -0.17693059628543
   -0.17497556207234
   -0.17302052785924
   -0.17106549364614
   -0.16911045943304
   -0.16715542521994
   -0.16520039100684
   -0.16324535679374
   -0.16129032258065
   -0.15933528836755
   -0.15738025415445
   -0.15542521994135
   -0.15347018572825
   -0.15151515151515
   -0.14956011730205
   -0.14760508308895
   -0.14565004887586
   -0.14369501466276
   -0.14173998044966
   -0.13978494623656
   -0.13782991202346
   -0.13587487781036
   -0.13391984359726
   -0.13196480938416
   -0.13000977517107
   -0.12805474095797
   -0.12609970674487
   -0.12414467253177
   -0.12218963831867
   -0.12023460410557
   -0.11827956989247
   -0.11632453567937
   -0.11436950146628
   -0.11241446725318
   -0.11045943304008
   -0.10850439882698
   -0.10654936461388
   -0.10459433040078
   -0.10263929618768
   -0.10068426197458
   -0.09872922776149
   -0.09677419354839
   -0.09481915933529
   -0.09286412512219
   -0.09090909090909
   -0.08895405669599
   -0.08699902248289
   -0.08504398826979
   -0.08308895405670
   -0.08113391984360
   -0.07917888563050
   -0.07722385141740
   -0.07526881720430
   -0.07331378299120
   -0.07135874877810
   -0.06940371456500
   -0.06744868035191
   -0.06549364613881
   -0.06353861192571
   -0.06158357771261
   -0.05962854349951
   -0.05767350928641
   -0.05571847507331
   -0.05376344086022
   -0.05180840664712
   -0.04985337243402
   -0.04789833822092
   -0.04594330400782
   -0.04398826979472
   -0.04203323558162
   -0.04007820136852
   -0.03812316715543
   -0.03616813294233
   -0.03421309872923
   -0.03225806451613
   -0.03030303030303
   -0.02834799608993
   -0.02639296187683
   -0.02443792766373
   -0.02248289345064
   -0.02052785923754
   -0.01857282502444
   -0.01661779081134
   -0.01466275659824
   -0.01270772238514
   -0.01075268817204
   -0.00879765395894
   -0.00684261974585
   -0.00488758553275
   -0.00293255131965
   -0.00097751710655
    0.00097751710655
    0.00293255131965
    0.00488758553275
    0.00684261974585
    0.00879765395894
    0.01075268817204
    0.01270772238514
    0.01466275659824
    0.01661779081134
    0.01857282502444
    0.02052785923754
    0.02248289345064
    0.02443792766373
    0.02639296187683
    0.02834799608993
    0.03030303030303
    0.03225806451613
    0.03421309872923
    0.03616813294233
    0.03812316715543
    0.04007820136852
    0.04203323558162
    0.04398826979472
    0.04594330400782
    0.04789833822092
    0.04985337243402
    0.05180840664712
    0.05376344086022
    0.05571847507331
    0.05767350928641
    0.05962854349951
    0.06158357771261
    0.06353861192571
    0.06549364613881
    0.06744868035191
    0.06940371456500
    0.07135874877810
    0.07331378299120
    0.07526881720430
    0.07722385141740
    0.07917888563050
    0.08113391984360
    0.08308895405670
    0.08504398826979
    0.08699902248289
    0.08895405669599
    0.09090909090909
    0.09286412512219
    0.09481915933529
    0.09677419354839
    0.09872922776149
    0.10068426197458
    0.10263929618768
    0.10459433040078
    0.10654936461388
    0.10850439882698
    0.11045943304008
    0.11241446725318
    0.11436950146628
    0.11632453567937
    0.11827956989247
    0.12023460410557
    0.12218963831867
    0.12414467253177
    0.12609970674487
    0.12805474095797
    0.13000977517107
    0.13196480938416
    0.13391984359726
    0.13587487781036
    0.13782991202346
    0.13978494623656
    0.14173998044966
    0.14369501466276
    0.14565004887586
    0.14760508308895
    0.14956011730205
    0.15151515151515
    0.15347018572825
    0.15542521994135
    0.15738025415445
    0.15933528836755
    0.16129032258065
    0.16324535679374
    0.16520039100684
    0.16715542521994
    0.16911045943304
    0.17106549364614
    0.17302052785924
    0.17497556207234
    0.17693059628544
    0.17888563049853
    0.18084066471163
    0.18279569892473
    0.18475073313783
    0.18670576735093
    0.18866080156403
    0.19061583577713
    0.19257086999022
    0.19452590420332
    0.19648093841642
    0.19843597262952
    0.20039100684262
    0.20234604105572
    0.20430107526882
    0.20625610948192
    0.20821114369501
    0.21016617790811
    0.21212121212121
    0.21407624633431
    0.21603128054741
    0.21798631476051
    0.21994134897361
    0.22189638318671
    0.22385141739980
    0.22580645161290
    0.22776148582600
    0.22971652003910
    0.23167155425220
    0.23362658846530
    0.23558162267840
    0.23753665689150
    0.23949169110459
    0.24144672531769
    0.24340175953079
    0.24535679374389
    0.24731182795699
    0.24926686217009
    0.25122189638319
    0.25317693059629
    0.25513196480938
    0.25708699902248
    0.25904203323558
    0.26099706744868
    0.26295210166178
    0.26490713587488
    0.26686217008798
    0.26881720430108
    0.27077223851417
    0.27272727272727
    0.27468230694037
    0.27663734115347
    0.27859237536657
    0.28054740957967
    0.28250244379277
    0.28445747800587
    0.28641251221896
    0.28836754643206
    0.29032258064516
    0.29227761485826
    0.29423264907136
    0.29618768328446
    0.29814271749756
    0.30009775171065
    0.30205278592375
    0.30400782013685
    0.30596285434995
    0.30791788856305
    0.30987292277615
    0.31182795698925
    0.31378299120235
    0.31573802541544
    0.31769305962854
    0.31964809384164
    0.32160312805474
    0.32355816226784
    0.32551319648094
    0.32746823069404
    0.32942326490714
    0.33137829912023
    0.33333333333333
    0.33528836754643
    0.33724340175953
    0.33919843597263
    0.34115347018573
    0.34310850439883
    0.34506353861193
    0.34701857282502
    0.34897360703812
    0.35092864125122
    0.35288367546432
    0.35483870967742
    0.35679374389052
    0.35874877810362
    0.36070381231672
    0.36265884652981
    0.36461388074291
    0.36656891495601
    0.36852394916911
    0.37047898338221
    0.37243401759531
    0.37438905180841
    0.37634408602151
    0.37829912023460
    0.38025415444770
    0.38220918866080
    0.38416422287390
    0.38611925708700
    0.38807429130010
    0.39002932551320
    0.39198435972630
    0.39393939393939
    0.39589442815249
    0.39784946236559
    0.39980449657869
    0.40175953079179
    0.40371456500489
    0.40566959921799
    0.40762463343109
    0.40957966764418
    0.41153470185728
    0.41348973607038
    0.41544477028348
    0.41739980449658
    0.41935483870968
    0.42130987292278
    0.42326490713587
    0.42521994134897
    0.42717497556207
    0.42913000977517
    0.43108504398827
    0.43304007820137
    0.43499511241447
    0.43695014662757
    0.43890518084066
    0.44086021505376
    0.44281524926686
    0.44477028347996
    0.44672531769306
    0.44868035190616
    0.45063538611926
    0.45259042033236
    0.45454545454545
    0.45650048875855
    0.45845552297165
    0.46041055718475
    0.46236559139785
    0.46432062561095
    0.46627565982405
    0.46823069403715
    0.47018572825024
    0.47214076246334
    0.47409579667644
    0.47605083088954
    0.47800586510264
    0.47996089931574
    0.48191593352884
    0.48387096774194
    0.48582600195503
    0.48778103616813
    0.48973607038123
    0.49169110459433
    0.49364613880743
    0.49560117302053
    0.49755620723363
    0.49951124144673
    0.50146627565982
    0.50342130987292
    0.50537634408602
    0.50733137829912
    0.50928641251222
    0.51124144672532
    0.51319648093842
    0.51515151515152
    0.51710654936461
    0.51906158357771
    0.52101661779081
    0.52297165200391
    0.52492668621701
    0.52688172043011
    0.52883675464321
    0.53079178885630
    0.53274682306940
    0.53470185728250
    0.53665689149560
    0.53861192570870
    0.54056695992180
    0.54252199413490
    0.54447702834800
    0.54643206256109
    0.54838709677419
    0.55034213098729
    0.55229716520039
    0.55425219941349
    0.55620723362659
    0.55816226783969
    0.56011730205279
    0.56207233626588
    0.56402737047898
    0.56598240469208
    0.56793743890518
    0.56989247311828
    0.57184750733138
    0.57380254154448
    0.57575757575758
    0.57771260997067
    0.57966764418377
    0.58162267839687
    0.58357771260997
    0.58553274682307
    0.58748778103617
    0.58944281524927
    0.59139784946237
    0.59335288367546
    0.59530791788856
    0.59726295210166
    0.59921798631476
    0.60117302052786
    0.60312805474096
    0.60508308895406
    0.60703812316716
    0.60899315738025
    0.61094819159335
    0.61290322580645
    0.61485826001955
    0.61681329423265
    0.61876832844575
    0.62072336265885
    0.62267839687195
    0.62463343108504
    0.62658846529814
    0.62854349951124
    0.63049853372434
    0.63245356793744
    0.63440860215054
    0.63636363636364
    0.63831867057674
    0.64027370478983
    0.64222873900293
    0.64418377321603
    0.64613880742913
    0.64809384164223
    0.65004887585533
    0.65200391006843
    0.65395894428153
    0.65591397849462
    0.65786901270772
    0.65982404692082
    0.66177908113392
    0.66373411534702
    0.66568914956012
    0.66764418377322
    0.66959921798631
    0.67155425219941
    0.67350928641251
    0.67546432062561
    0.67741935483871
    0.67937438905181
    0.68132942326491
    0.68328445747801
    0.68523949169110
    0.68719452590420
    0.68914956011730
    0.69110459433040
    0.69305962854350
    0.69501466275660
    0.69696969696970
    0.69892473118280
    0.70087976539589
    0.70283479960899
    0.70478983382209
    0.70674486803519
    0.70869990224829
    0.71065493646139
    0.71260997067449
    0.71456500488759
    0.71652003910068
    0.71847507331378
    0.72043010752688
    0.72238514173998
    0.72434017595308
    0.72629521016618
    0.72825024437928
    0.73020527859238
    0.73216031280547
    0.73411534701857
    0.73607038123167
    0.73802541544477
    0.73998044965787
    0.74193548387097
    0.74389051808407
    0.74584555229717
    0.74780058651026
    0.74975562072336
    0.75171065493646
    0.75366568914956
    0.75562072336266
    0.75757575757576
    0.75953079178886
    0.76148582600196
    0.76344086021505
    0.76539589442815
    0.76735092864125
    0.76930596285435
    0.77126099706745
    0.77321603128055
    0.77517106549365
    0.77712609970674
    0.77908113391984
    0.78103616813294
    0.78299120234604
    0.78494623655914
    0.78690127077224
    0.78885630498534
    0.79081133919844
    0.79276637341153
    0.79472140762463
    0.79667644183773
    0.79863147605083
    0.80058651026393
    0.80254154447703
    0.80449657869013
    0.80645161290323
    0.80840664711632
    0.81036168132942
    0.81231671554252
    0.81427174975562
    0.81622678396872
    0.81818181818182
    0.82013685239492
    0.82209188660802
    0.82404692082111
    0.82600195503421
    0.82795698924731
    0.82991202346041
    0.83186705767351
    0.83382209188661
    0.83577712609971
    0.83773216031281
    0.83968719452590
    0.84164222873900
    0.84359726295210
    0.84555229716520
    0.84750733137830
    0.84946236559140
    0.85141739980450
    0.85337243401760
    0.85532746823069
    0.85728250244379
    0.85923753665689
    0.86119257086999
    0.86314760508309
    0.86510263929619
    0.86705767350929
    0.86901270772239
    0.87096774193548
    0.87292277614858
    0.87487781036168
    0.87683284457478
    0.87878787878788
    0.88074291300098
    0.88269794721408
    0.88465298142718
    0.88660801564027
    0.88856304985337
    0.89051808406647
    0.89247311827957
    0.89442815249267
    0.89638318670577
    0.89833822091887
    0.90029325513196
    0.90224828934506
    0.90420332355816
    0.90615835777126
    0.90811339198436
    0.91006842619746
    0.91202346041056
    0.91397849462366
    0.91593352883675
    0.91788856304985
    0.91984359726295
    0.92179863147605
    0.92375366568915
    0.92570869990225
    0.92766373411535
    0.92961876832845
    0.93157380254154
    0.93352883675464
    0.93548387096774
    0.93743890518084
    0.93939393939394
    0.94134897360704
    0.94330400782014
    0.94525904203324
    0.94721407624633
    0.94916911045943
    0.95112414467253
    0.95307917888563
    0.95503421309873
    0.95698924731183
    0.95894428152493
    0.96089931573803
    0.96285434995112
    0.96480938416422
    0.96676441837732
    0.96871945259042
    0.97067448680352
    0.97262952101662
    0.97458455522972
    0.97653958944282
    0.97849462365591
    0.98044965786901
    0.98240469208211
    0.98435972629521
    0.98631476050831
    0.98826979472141
    0.99022482893451
    0.99217986314761
    0.99413489736070
    0.99608993157380
    0.99804496578690
    1.00000000000000
